5833
12354.0
4470
8962.0
8099
8762.0
6338
7652.0
8248
5672.0
852
5475.0
129
4431.0
7425
4218.0
2831
3404.0
687
3379.0
605
3233.0
5947
3095.0
4683
3067.0
2093
2954.0
6815
2784.0
2196
2719.0
3814
2473.0
7187
2440.0
649
2407.0
400
2299.0
7296
2294.0
7443
2293.0
8293
2124.0
6442
1998.0
4306
1955.0
4870
1930.0
3002
1921.0
6931
1896.0
1665
1869.0
3132
1843.0
8045
1828.0
7875
1730.0
3824
1721.0
8119
1666.0
4227
1663.0
1
1662.0
2471
1621.0
59
1569.0
6370
1547.0
276
1528.0
365
1522.0
9
1507.0
5355
1481.0
1313
1467.0
176
1419.0
175
1404.0
7587
1402.0
4719
1376.0
1730
1366.0
4709
1356.0
7966
1333.0
2067
1331.0
3287
1304.0
8416
1304.0
4168
1280.0
6748
1260.0
3131
1251.0
4637
1243.0
3029
1243.0
8152
1240.0
3706
1229.0
7988
1191.0
8354
1162.0
7080
1160.0
2990
1145.0
3181
1135.0
1198
1132.0
1078
1129.0
2130
1127.0
3884
1119.0
3561
1103.0
5324
1091.0
4962
1088.0
4427
1079.0
3593
1066.0
1445
1051.0
4831
1050.0
2168
1043.0
5832
1041.0
6611
1041.0
6715
1039.0
2464
1039.0
2395
1029.0
2100
1007.0
3921
988.0
8046
987.0
8077
985.0
2844
962.0
7527
955.0
1771
952.0
5292
946.0
381
934.0
4051
914.0
8311
902.0
5431
885.0
2952
861.0
6573
861.0
2027
860.0
222
850.0
5762
846.0
4482
841.0
1337
838.0
3788
837.0
3222
830.0
7918
827.0
3547
821.0
4485
819.0
6190
817.0
981
814.0
3166
810.0
3387
807.0
6736
803.0
1611
800.0
3434
796.0
8296
788.0
6925
784.0
7723
780.0
5094
767.0
6233
767.0
6116
765.0
3565
765.0
4241
758.0
5003
747.0
7392
741.0
8012
741.0
8059
734.0
4180
733.0
1416
733.0
1209
728.0
6524
727.0
5951
722.0
3028
721.0
3730
713.0
3787
704.0
99
699.0
2108
698.0
4365
691.0
6189
691.0
7938
691.0
3443
689.0
7144
685.0
7975
681.0
5329
677.0
4631
671.0
305
669.0
5273
660.0
2965
658.0
4905
658.0
5966
650.0
7753
650.0
277
645.0
288
643.0
7740
643.0
3260
642.0
4278
641.0
259
639.0
3819
629.0
5991
620.0
3200
614.0
7055
612.0
8379
604.0
101
600.0
5819
597.0
5757
597.0
2213
595.0
2933
583.0
8169
582.0
1875
581.0
5932
578.0
3943
575.0
8357
574.0
8094
573.0
677
573.0
2609
573.0
3554
572.0
2665
567.0
1382
561.0
7660
556.0
28
556.0
780
554.0
5910
546.0
203
544.0
2373
540.0
7066
538.0
3140
535.0
371
534.0
4722
531.0
2600
528.0
4102
527.0
999
526.0
315
521.0
4025
521.0
1375
520.0
4108
519.0
5820
511.0
1377
510.0
2614
509.0
5794
509.0
7539
508.0
4268
506.0
4809
505.0
6699
505.0
3659
502.0
8247
494.0
5297
494.0
6801
493.0
1011
490.0
4610
489.0
6818
477.0
2878
476.0
6073
475.0
1265
475.0
5462
473.0
4692
473.0
1752
469.0
562
465.0
6779
464.0
3805
459.0
7018
456.0
7493
451.0
7946
450.0
2788
449.0
3407
448.0
7012
445.0
6404
441.0
6236
441.0
8449
441.0
6564
439.0
6143
439.0
4714
436.0
2324
435.0
3904
433.0
3759
431.0
5202
428.0
1622
427.0
6100
426.0
6538
424.0
2367
423.0
375
423.0
4301
422.0
466
422.0
5270
422.0
1624
421.0
6661
421.0
229
419.0
1990
419.0
8188
418.0
814
418.0
2400
415.0
2033
405.0
5994
404.0
813
404.0
6095
401.0
5363
401.0
4792
400.0
666
399.0
2853
398.0
1626
398.0
1721
398.0
5072
396.0
2456
393.0
5289
389.0
384
388.0
4855
388.0
109
387.0
5026
386.0
6456
384.0
2347
381.0
3240
380.0
7779
380.0
456
380.0
8015
380.0
1475
379.0
1887
379.0
7913
378.0
6992
377.0
954
376.0
2385
375.0
7784
373.0
8286
372.0
6612
369.0
1946
366.0
8442
366.0
6281
364.0
569
363.0
4804
361.0
132
361.0
7790
358.0
8380
356.0
2
353.0
900
352.0
2557
350.0
2649
350.0
7921
350.0
5225
347.0
1938
345.0
1933
345.0
18
345.0
262
344.0
1268
343.0
1736
343.0
154
343.0
5737
342.0
6020
339.0
8242
338.0
2947
338.0
3435
338.0
6121
337.0
5868
336.0
623
335.0
6163
333.0
7184
333.0
134
332.0
4599
331.0
6872
331.0
374
331.0
2862
330.0
5564
330.0
6193
330.0
4244
329.0
2791
327.0
6428
327.0
7697
326.0
4187
325.0
3082
325.0
6183
324.0
630
323.0
5077
323.0
1466
322.0
6727
322.0
5050
319.0
785
319.0
487
318.0
3328
317.0
720
316.0
2414
315.0
4865
315.0
5624
314.0
3142
314.0
1710
310.0
8367
310.0
6635
310.0
7151
309.0
4980
308.0
57
304.0
3698
303.0
7225
303.0
5679
302.0
1018
300.0
1260
300.0
2445
297.0
7961
297.0
234
295.0
3367
295.0
1044
294.0
2940
294.0
5316
294.0
4688
292.0
7003
292.0
5024
291.0
7227
291.0
2333
290.0
5864
290.0
1911
290.0
2097
289.0
7292
288.0
5798
288.0
3147
286.0
3467
285.0
3702
284.0
2498
284.0
793
283.0
1695
283.0
4682
282.0
5684
282.0
4494
282.0
1261
281.0
6105
281.0
1570
279.0
3781
278.0
5379
278.0
4920
278.0
2083
277.0
8255
276.0
8308
276.0
8415
275.0
5881
274.0
7687
272.0
2063
272.0
2598
272.0
5220
272.0
3688
271.0
2883
271.0
7711
271.0
4008
271.0
183
271.0
377
269.0
2546
267.0
2552
267.0
1267
267.0
1300
267.0
3583
267.0
7776
266.0
5177
263.0
6075
263.0
5792
263.0
6293
263.0
2872
261.0
328
261.0
3226
260.0
2889
260.0
5245
259.0
7299
258.0
2935
258.0
8282
258.0
6944
258.0
6168
258.0
2343
257.0
3208
257.0
2425
257.0
3456
257.0
3011
257.0
8475
257.0
7854
256.0
6547
255.0
798
254.0
7850
254.0
1754
254.0
4724
253.0
273
252.0
939
252.0
4946
252.0
3978
251.0
2677
251.0
7930
251.0
594
250.0
348
248.0
8316
247.0
8419
247.0
5317
245.0
3342
244.0
3325
243.0
6532
243.0
114
243.0
4915
243.0
2361
242.0
3717
242.0
7831
242.0
2296
242.0
4123
241.0
609
240.0
2444
240.0
442
240.0
1722
240.0
5788
240.0
2920
238.0
4327
238.0
3490
237.0
7041
237.0
7512
237.0
7541
236.0
7685
235.0
1250
235.0
7419
235.0
298
234.0
2826
234.0
8151
234.0
1729
234.0
7969
234.0
7517
234.0
1885
234.0
1458
233.0
7237
233.0
7771
233.0
8424
233.0
2588
232.0
4842
232.0
7510
232.0
2006
231.0
6932
231.0
2227
231.0
7211
230.0
6570
230.0
5392
230.0
873
228.0
1880
228.0
7128
227.0
8162
226.0
5669
225.0
7644
224.0
7658
224.0
2421
224.0
7472
224.0
4436
224.0
5508
222.0
7962
222.0
8438
222.0
182
222.0
5471
221.0
2518
221.0
