5833
3523.0
129
2173.0
8248
1504.0
4470
1087.0
852
1065.0
6338
905.0
4168
892.0
7988
871.0
8099
813.0
605
801.0
8046
771.0
3132
637.0
7187
591.0
8293
587.0
1078
563.0
5431
558.0
276
538.0
7425
533.0
2665
518.0
456
513.0
2093
484.0
3222
470.0
3730
458.0
2831
449.0
5947
444.0
649
442.0
6116
433.0
4722
428.0
7080
428.0
6573
425.0
3943
425.0
5324
404.0
6189
378.0
2471
363.0
6748
360.0
400
351.0
6815
348.0
259
336.0
7875
335.0
1665
325.0
2033
312.0
5832
299.0
2108
299.0
266
299.0
6931
298.0
4870
295.0
6736
287.0
3443
286.0
4683
285.0
8416
278.0
3814
274.0
305
269.0
59
264.0
4306
263.0
7225
262.0
7237
261.0
3788
260.0
2609
259.0
3287
258.0
687
256.0
5292
253.0
7443
241.0
5003
240.0
8419
240.0
6095
240.0
8077
239.0
3131
230.0
4008
230.0
1611
230.0
2990
228.0
1382
227.0
2067
224.0
229
223.0
8045
221.0
5273
220.0
1313
220.0
7644
217.0
365
217.0
5177
217.0
666
216.0
8096
213.0
3181
212.0
381
212.0
4399
206.0
6611
205.0
7151
205.0
3620
205.0
176
204.0
5329
203.0
1752
201.0
175
200.0
6992
196.0
7966
193.0
7913
189.0
1375
188.0
5363
187.0
8025
185.0
9
183.0
4865
182.0
6612
181.0
4709
181.0
7144
179.0
5798
177.0
7753
177.0
3660
176.0
3002
175.0
1
173.0
3200
171.0
1084
170.0
8152
169.0
6236
169.0
4485
168.0
2367
167.0
4108
167.0
8398
166.0
2100
165.0
4831
165.0
2196
164.0
3819
164.0
2844
162.0
109
162.0
7723
160.0
364
160.0
5820
159.0
315
158.0
384
158.0
8316
157.0
8354
157.0
2130
156.0
5930
156.0
7790
156.0
6801
155.0
1011
154.0
4855
154.0
5355
154.0
5994
153.0
2940
153.0
5077
152.0
2638
151.0
7517
151.0
5788
150.0
720
149.0
4102
148.0
2168
148.0
953
148.0
4241
148.0
6192
146.0
2952
146.0
217
145.0
4733
144.0
931
144.0
4538
143.0
8119
143.0
101
143.0
4782
142.0
7052
141.0
7918
141.0
99
141.0
5392
140.0
8274
140.0
5360
139.0
7572
139.0
8094
137.0
5951
137.0
4905
137.0
1445
137.0
5462
136.0
3574
136.0
8023
136.0
5072
133.0
2302
132.0
4888
132.0
8151
131.0
4692
130.0
7493
128.0
1959
128.0
1892
127.0
6925
126.0
3561
126.0
1464
125.0
5477
125.0
3593
122.0
5202
121.0
1730
121.0
4278
120.0
3759
119.0
7946
119.0
4322
118.0
6524
118.0
7869
118.0
6190
118.0
1771
118.0
6699
118.0
7472
117.0
7296
117.0
8184
117.0
981
117.0
6100
116.0
2380
115.0
7156
115.0
2765
115.0
1722
114.0
5534
114.0
7969
114.0
3434
113.0
6995
113.0
2190
113.0
6570
113.0
7055
113.0
5787
113.0
6143
112.0
1934
112.0
288
112.0
8397
112.0
154
112.0
6370
111.0
3921
111.0
8071
111.0
1013
110.0
3005
110.0
2872
110.0
4850
110.0
3567
110.0
6448
110.0
1268
109.0
4962
108.0
4980
108.0
5094
108.0
3547
108.0
4637
108.0
6200
108.0
1681
108.0
2134
107.0
282
107.0
4909
107.0
1364
106.0
1458
105.0
222
105.0
8296
105.0
2862
104.0
8059
104.0
2395
103.0
4874
103.0
3741
102.0
5762
102.0
1198
102.0
3424
101.0
7699
101.0
940
101.0
7300
101.0
7801
100.0
2385
100.0
5297
100.0
8262
100.0
6163
99.0
1798
99.0
4482
99.0
171
99.0
1710
98.0
28
98.0
2928
98.0
4719
98.0
3009
97.0
2498
97.0
4920
97.0
859
96.0
6538
96.0
8311
96.0
5393
96.0
1265
95.0
692
95.0
5270
95.0
8193
95.0
4631
95.0
3884
94.0
3082
94.0
3044
93.0
277
93.0
2622
93.0
2655
93.0
906
93.0
7392
93.0
2933
93.0
7660
92.0
5290
92.0
6168
92.0
5864
90.0
5932
90.0
4627
90.0
2343
89.0
572
89.0
5684
88.0
7066
88.0
4227
88.0
6456
88.0
1887
88.0
3659
87.0
3904
87.0
4436
87.0
7975
87.0
7799
87.0
7128
87.0
8012
87.0
7844
86.0
1985
86.0
1624
86.0
5865
85.0
609
85.0
3240
85.0
677
85.0
8322
85.0
7073
85.0
5966
85.0
4491
85.0
2073
85.0
157
84.0
2396
83.0
6586
83.0
1509
82.0
2614
82.0
2615
82.0
703
82.0
2006
82.0
2947
82.0
2381
81.0
1049
81.0
1875
81.0
3421
80.0
6541
80.0
3565
80.0
1172
80.0
5114
80.0
2935
80.0
2347
79.0
903
79.0
941
79.0
5794
79.0
5112
79.0
4051
79.0
4294
79.0
2788
78.0
4792
78.0
7685
78.0
8220
78.0
5819
77.0
805
77.0
814
77.0
4124
77.0
4682
77.0
793
77.0
4180
76.0
1112
76.0
2272
76.0
999
76.0
3387
76.0
6718
75.0
4114
75.0
2824
75.0
1337
75.0
4894
75.0
5317
75.0
3684
74.0
1039
74.0
4162
74.0
6580
74.0
7486
74.0
7938
74.0
780
74.0
4013
74.0
1823
74.0
215
73.0
1570
73.0
2213
73.0
4404
73.0
4647
73.0
2490
73.0
736
73.0
1416
73.0
623
72.0
1161
72.0
6094
72.0
2965
72.0
3607
72.0
5289
71.0
5349
71.0
7359
71.0
8242
71.0
3824
71.0
1209
71.0
4361
70.0
8357
70.0
7041
70.0
3938
70.0
7157
70.0
2982
70.0
3892
69.0
4132
69.0
8367
69.0
1960
69.0
996
69.0
4298
69.0
1044
68.0
1047
68.0
6777
68.0
5476
68.0
4809
68.0
2203
68.0
3177
68.0
6695
68.0
1459
67.0
2542
67.0
3898
67.0
3456
67.0
6134
67.0
2464
67.0
6826
67.0
6635
67.0
336
67.0
882
66.0
1350
66.0
7955
66.0
6226
66.0
3467
65.0
2800
65.0
2400
65.0
5989
65.0
2034
65.0
7776
65.0
6279
65.0
1663
65.0
5225
64.0
1926
64.0
5910
64.0
4604
64.0
3787
64.0
1397
64.0
763
64.0
4457
64.0
3166
64.0
7492
63.0
3107
63.0
4688
63.0
7399
63.0
3414
62.0
813
62.0
6932
62.0
4530
62.0
7658
62.0
7018
62.0
8376
62.0
3554
62.0
568
62.0
5050
61.0
3418
60.0
2161
60.0
402
60.0
5918
60.0
2660
60.0
8217
60.0
2552
59.0
1250
59.0
3690
59.0
7201
59.0
1754
59.0
3706
59.0
4441
59.0
182
59.0
5644
58.0
7408
58.0
260
58.0
2883
58.0
6494
58.0
6254
58.0
57
58.0
7181
58.0
3227
57.0
1061
57.0
2649
57.0
4623
57.0
4642
57.0
954
57.0
6490
57.0
7379
57.0
2999
57.0
6
56.0
1064
56.0
3537
56.0
7333
56.0
4712
56.0
4724
55.0
6358
55.0
8351
55.0
4615
55.0
7752
55.0
6442
55.0
328
55.0
6097
55.0
2
54.0
4121
54.0
6311
54.0
