5833
23374.0
8099
12784.0
6338
11236.0
6931
9499.0
2831
9106.0
8248
8833.0
129
8180.0
852
8024.0
4470
7655.0
7425
7550.0
687
6809.0
6442
5574.0
7587
5402.0
4637
5213.0
605
5050.0
4227
4342.0
3824
4285.0
5947
4249.0
3181
4241.0
400
4221.0
7187
4188.0
4870
4179.0
4709
3901.0
649
3812.0
3132
3767.0
3131
3764.0
6715
3712.0
6370
3700.0
8293
3651.0
8119
3589.0
4427
3525.0
6233
3420.0
3884
3386.0
5762
3151.0
2196
3148.0
2067
3005.0
8152
2969.0
7875
2879.0
6748
2840.0
1
2766.0
276
2699.0
176
2693.0
9
2681.0
7080
2642.0
7296
2572.0
365
2542.0
2093
2453.0
3002
2428.0
2456
2377.0
5431
2375.0
4168
2346.0
1078
2338.0
3706
2323.0
7918
2277.0
4683
2263.0
2130
2253.0
2395
2247.0
1198
2224.0
4025
2210.0
8286
2194.0
5355
2159.0
7660
2150.0
3814
2133.0
6564
2110.0
7392
2092.0
7988
2072.0
6815
2071.0
4962
2039.0
3561
2016.0
999
1980.0
2952
1964.0
6073
1936.0
5951
1881.0
2100
1879.0
5324
1869.0
2108
1826.0
3029
1819.0
3730
1802.0
6635
1776.0
381
1750.0
1730
1745.0
3287
1717.0
6573
1705.0
222
1697.0
7723
1695.0
8416
1694.0
2168
1684.0
1665
1645.0
5832
1618.0
4365
1601.0
5297
1597.0
5292
1597.0
5329
1595.0
2471
1593.0
3300
1587.0
1990
1552.0
1260
1551.0
3387
1549.0
175
1549.0
3788
1545.0
2173
1540.0
7443
1516.0
6189
1502.0
8442
1502.0
3200
1497.0
2464
1489.0
4306
1466.0
4610
1463.0
8380
1463.0
8046
1443.0
4180
1430.0
1337
1416.0
4905
1414.0
3166
1411.0
5868
1411.0
3222
1405.0
377
1389.0
371
1373.0
4831
1351.0
8354
1350.0
456
1340.0
5094
1336.0
4854
1321.0
1313
1315.0
2333
1311.0
4722
1307.0
4093
1298.0
8045
1286.0
7740
1285.0
1416
1284.0
101
1277.0
7144
1275.0
6190
1272.0
7966
1270.0
8311
1269.0
7539
1265.0
5966
1265.0
8094
1250.0
6736
1243.0
1209
1242.0
1382
1239.0
7055
1223.0
1938
1222.0
2600
1222.0
3547
1222.0
5003
1217.0
6116
1213.0
7292
1212.0
4485
1190.0
1375
1179.0
5220
1178.0
2844
1165.0
780
1155.0
4719
1151.0
4482
1149.0
3593
1148.0
1445
1146.0
4301
1145.0
5202
1141.0
8059
1129.0
822
1124.0
8077
1120.0
2557
1115.0
2766
1115.0
2027
1112.0
2933
1111.0
487
1087.0
6661
1086.0
8379
1082.0
5273
1080.0
3817
1079.0
2343
1078.0
4278
1075.0
4241
1072.0
2373
1069.0
3443
1061.0
3140
1054.0
3819
1053.0
569
1052.0
1880
1048.0
720
1043.0
1771
1043.0
7146
1043.0
7753
1042.0
1946
1036.0
375
1035.0
7854
1034.0
1300
1029.0
5932
1028.0
3921
1027.0
315
1024.0
7066
1019.0
900
1018.0
229
1016.0
109
1012.0
692
1010.0
259
1009.0
4108
1008.0
3787
1008.0
1267
1008.0
1475
1008.0
8169
1004.0
7784
1001.0
288
1000.0
8242
1000.0
3943
995.0
4714
991.0
4631
984.0
677
983.0
5820
981.0
466
961.0
5245
959.0
2948
955.0
2609
943.0
2665
942.0
8281
942.0
4792
940.0
3961
939.0
2324
936.0
348
934.0
5819
929.0
3328
922.0
6925
918.0
2227
918.0
2965
916.0
59
911.0
2
908.0
2367
905.0
814
905.0
1622
898.0
1875
894.0
6779
892.0
6611
864.0
2546
862.0
2614
859.0
6236
856.0
1611
855.0
3342
853.0
2862
852.0
4051
851.0
5737
848.0
813
848.0
8296
847.0
7018
844.0
2878
840.0
6168
837.0
3702
835.0
1491
835.0
384
833.0
8357
833.0
1011
828.0
8415
828.0
305
816.0
5647
814.0
8475
814.0
6727
810.0
28
809.0
6524
808.0
4891
808.0
2940
806.0
772
799.0
3754
794.0
3260
794.0
134
790.0
5024
784.0
1722
776.0
5994
775.0
7975
774.0
2347
771.0
4102
769.0
4132
769.0
6875
768.0
6858
767.0
4946
759.0
1695
758.0
3434
756.0
5026
750.0
203
749.0
5177
747.0
8449
745.0
3759
741.0
1458
728.0
7667
722.0
5145
719.0
3407
719.0
5289
719.0
798
715.0
630
714.0
5794
713.0
7913
713.0
5508
710.0
1265
710.0
1268
709.0
5798
709.0
8097
708.0
3668
703.0
7052
701.0
931
698.0
6100
695.0
6593
692.0
3968
691.0
162
688.0
7527
684.0
6612
683.0
7790
678.0
7916
677.0
5910
668.0
1327
666.0
6801
665.0
3539
664.0
2990
661.0
7510
659.0
785
659.0
8247
659.0
8012
650.0
1464
650.0
5363
649.0
666
648.0
6681
648.0
142
645.0
2296
644.0
4599
642.0
4915
642.0
4008
641.0
2385
640.0
3352
640.0
3490
635.0
1675
630.0
7493
628.0
2853
627.0
2677
623.0
7041
622.0
266
617.0
8316
616.0
5462
615.0
8188
612.0
1980
610.0
5072
609.0
6298
603.0
2033
603.0
4399
602.0
2788
601.0
5624
600.0
5392
600.0
8096
598.0
7921
598.0
981
596.0
8182
594.0
4682
594.0
7048
593.0
116
590.0
6456
589.0
6699
588.0
3904
586.0
6200
585.0
8367
584.0
2055
583.0
182
580.0
3554
579.0
125
579.0
7541
572.0
5757
570.0
1044
567.0
4985
566.0
6446
566.0
2414
564.0
6075
564.0
4244
563.0
7517
562.0
5077
562.0
3282
560.0
6630
560.0
562
556.0
7938
556.0
5881
555.0
5898
553.0
2920
553.0
7225
552.0
3273
552.0
4623
552.0
4724
552.0
5267
552.0
4628
550.0
4980
546.0
7184
545.0
7816
543.0
1681
541.0
6281
540.0
169
540.0
7234
538.0
3082
538.0
4268
537.0
7687
536.0
5422
535.0
6095
531.0
2445
530.0
6047
525.0
4494
525.0
6992
523.0
2257
523.0
4978
522.0
3208
522.0
1325
521.0
4692
521.0
1377
520.0
7506
519.0
5288
519.0
7003
518.0
277
516.0
4733
516.0
8069
515.0
1084
513.0
336
512.0
3839
512.0
7779
512.0
805
512.0
3978
511.0
6404
511.0
5393
510.0
1754
506.0
7379
505.0
594
505.0
8015
505.0
5317
505.0
7467
503.0
1154
502.0
6020
502.0
7299
501.0
5617
501.0
3467
501.0
4123
500.0
6450
500.0
2947
500.0
7930
499.0
1739
498.0
1626
497.0
521
496.0
3429
496.0
3011
495.0
1018
492.0
2006
492.0
1371
491.0
2928
491.0
3583
491.0
5514
490.0
1887
490.0
7331
489.0
2400
488.0
6538
488.0
5930
486.0
954
486.0
6961
484.0
2792
484.0
5316
483.0
3717
482.0
1892
479.0
3607
479.0
2935
478.0
6465
477.0
8179
476.0
5351
475.0
313
474.0
5564
472.0
609
470.0
3421
469.0
1752
467.0
8419
466.0
1763
465.0
2631
463.0
5886
463.0
4855
463.0
1570
460.0
1960
459.0
7801
458.0
262
457.0
8255
457.0
4850
457.0
99
455.0
7658
455.0
3688
454.0
1942
453.0
7001
453.0
5730
451.0
7151
450.0
2883
449.0
1966
445.0
6193
445.0
3257
443.0
132
443.0
7366
442.0
916
441.0
5490
440.0
7227
439.0
5507
439.0
6094
439.0
793
438.0
6385
437.0
2213
436.0
2598
435.0
234
434.0
