5833
2163.0
852
1472.0
6338
1094.0
8248
961.0
2831
891.0
605
716.0
7151
628.0
129
576.0
7966
523.0
3547
514.0
5947
482.0
2471
461.0
4709
439.0
7187
436.0
1445
435.0
687
434.0
8099
430.0
4962
424.0
1730
417.0
3002
412.0
4241
411.0
8045
407.0
8046
368.0
277
361.0
3132
360.0
649
357.0
3824
351.0
6370
346.0
8152
327.0
2130
326.0
7080
313.0
365
312.0
6143
311.0
1752
302.0
5355
274.0
8296
272.0
400
271.0
4870
264.0
8293
263.0
1078
261.0
1198
259.0
8449
258.0
8416
254.0
9
250.0
8077
250.0
3788
247.0
7875
240.0
222
232.0
157
232.0
6105
230.0
1
229.0
4227
224.0
6748
220.0
5819
216.0
5832
216.0
4168
216.0
7988
215.0
4719
214.0
2395
213.0
6931
212.0
3921
212.0
981
210.0
6925
208.0
7144
208.0
6442
207.0
7425
202.0
3839
201.0
2614
200.0
5324
199.0
3222
195.0
381
194.0
176
194.0
276
193.0
3706
193.0
384
193.0
8059
193.0
4855
192.0
5329
192.0
6524
188.0
4637
185.0
7587
185.0
1875
185.0
999
181.0
2168
178.0
3561
176.0
4905
176.0
8119
172.0
7918
171.0
742
171.0
5297
169.0
5431
165.0
4485
163.0
4427
160.0
6189
157.0
2490
154.0
6941
153.0
7279
153.0
1887
152.0
8217
151.0
305
148.0
7946
147.0
6456
146.0
2343
144.0
7661
144.0
1382
144.0
7512
144.0
5072
143.0
7660
141.0
2952
140.0
8071
138.0
7055
137.0
3787
137.0
4180
134.0
3140
134.0
6932
133.0
4779
133.0
6116
132.0
288
131.0
3730
131.0
7658
130.0
5788
130.0
6095
130.0
6573
129.0
328
129.0
6163
128.0
3166
128.0
6494
128.0
1416
127.0
3287
126.0
4494
126.0
1377
125.0
101
125.0
3200
124.0
3819
124.0
8357
123.0
4470
123.0
6233
121.0
8427
121.0
3943
120.0
114
120.0
8015
120.0
7463
119.0
780
119.0
1771
118.0
568
117.0
6236
117.0
5292
116.0
4831
116.0
2665
116.0
8442
116.0
8242
113.0
1268
112.0
4599
112.0
7296
112.0
2464
112.0
8424
112.0
4722
111.0
1267
111.0
2891
111.0
6992
110.0
2456
109.0
8096
108.0
6736
108.0
7779
108.0
4290
108.0
6715
107.0
5991
107.0
456
106.0
142
106.0
6190
105.0
3387
105.0
3443
102.0
5989
102.0
2108
101.0
8308
101.0
5202
100.0
2093
100.0
28
100.0
377
100.0
4792
99.0
5003
99.0
8311
98.0
5994
98.0
5684
96.0
7359
96.0
4946
96.0
7539
95.0
156
95.0
8367
94.0
2933
94.0
5679
93.0
3759
92.0
2367
91.0
7227
91.0
813
90.0
1265
90.0
5273
90.0
5966
90.0
2067
90.0
1624
90.0
1622
90.0
4505
89.0
4108
89.0
234
89.0
2872
89.0
970
89.0
371
89.0
2600
88.0
5932
88.0
2027
88.0
3147
88.0
4482
87.0
7088
86.0
569
86.0
6281
86.0
259
85.0
2862
85.0
4701
85.0
4365
84.0
5094
84.0
7066
84.0
1338
84.0
4888
84.0
7916
84.0
7527
84.0
8438
84.0
3029
83.0
5794
83.0
7510
83.0
7128
83.0
7472
82.0
6532
81.0
3260
81.0
4865
81.0
2324
80.0
6538
80.0
5220
80.0
3537
80.0
2853
79.0
7921
79.0
1172
79.0
5791
79.0
4271
79.0
3196
79.0
5485
78.0
562
77.0
4937
77.0
1718
76.0
720
76.0
4268
76.0
411
75.0
7225
75.0
6661
75.0
1458
74.0
6779
74.0
5930
74.0
6801
74.0
116
74.0
6278
74.0
2740
74.0
814
73.0
6547
73.0
7467
73.0
2844
73.0
1375
73.0
5363
73.0
8094
72.0
2788
72.0
5624
72.0
3467
72.0
3567
72.0
3342
72.0
6699
72.0
2911
72.0
5000
71.0
6183
71.0
3952
71.0
931
71.0
4278
71.0
6270
71.0
4980
70.0
1044
70.0
7831
70.0
863
70.0
3082
70.0
1558
70.0
6872
70.0
3367
70.0
134
70.0
7379
70.0
8398
69.0
2417
69.0
5762
69.0
4475
69.0
7514
69.0
7771
69.0
3011
68.0
6179
68.0
2626
68.0
7913
68.0
7790
68.0
7564
68.0
6918
67.0
4336
67.0
5225
67.0
229
67.0
8379
67.0
3978
67.0
4714
67.0
7655
66.0
484
66.0
1980
66.0
5737
66.0
6849
66.0
2255
66.0
5177
66.0
1630
66.0
1209
66.0
5798
65.0
7537
65.0
7337
65.0
3434
64.0
2396
64.0
2173
64.0
315
64.0
7776
64.0
2088
64.0
6068
64.0
1260
63.0
2177
63.0
666
63.0
5496
63.0
7201
63.0
313
63.0
3181
63.0
2965
63.0
8286
63.0
4938
63.0
2796
62.0
2380
62.0
6541
62.0
6593
62.0
257
62.0
5077
62.0
2878
62.0
2414
62.0
5980
62.0
5349
62.0
18
62.0
5232
61.0
1464
60.0
3032
60.0
5900
60.0
2445
60.0
2498
60.0
6298
60.0
630
59.0
5279
59.0
1923
59.0
1934
59.0
6168
59.0
7041
59.0
7052
59.0
375
59.0
2940
59.0
1681
59.0
3690
58.0
4538
58.0
4354
58.0
3028
58.0
5462
58.0
7443
58.0
8188
58.0
7930
58.0
3325
58.0
4444
58.0
4699
58.0
4013
58.0
3607
58.0
2542
57.0
3898
57.0
5872
57.0
6100
57.0
462
57.0
1959
57.0
1754
57.0
3705
57.0
6850
57.0
3131
57.0
4244
57.0
7753
57.0
6695
57.0
5145
57.0
6075
57.0
1675
57.0
1466
56.0
5697
56.0
692
56.0
5490
56.0
4433
56.0
7184
56.0
2341
55.0
862
55.0
473
55.0
3938
55.0
1337
55.0
6678
55.0
5392
55.0
8419
55.0
6905
54.0
5820
54.0
7410
54.0
5050
54.0
1936
54.0
4804
54.0
2400
54.0
7933
54.0
7740
54.0
3145
54.0
7392
54.0
1498
53.0
5647
53.0
3528
53.0
3541
53.0
7904
53.0
7969
53.0
7767
53.0
7366
53.0
2912
53.0
1665
53.0
3445
52.0
5868
52.0
246
52.0
1112
52.0
953
52.0
4297
52.0
2302
51.0
2562
51.0
5865
51.0
3698
51.0
4113
51.0
2196
51.0
2682
51.0
4628
51.0
3424
50.0
1261
50.0
4399
50.0
217
50.0
1706
50.0
2826
50.0
8380
50.0
2609
50.0
2006
50.0
3575
50.0
1459
49.0
817
49.0
1011
49.0
3688
49.0
4539
49.0
609
49.0
5422
49.0
1088
49.0
5098
49.0
1729
49.0
4850
49.0
2444
49.0
1179
49.0
4008
49.0
1873
49.0
1668
49.0
2765
49.0
4975
48.0
2381
48.0
466
48.0
5289
48.0
4857
48.0
954
48.0
5502
48.0
7961
48.0
2033
48.0
3393
48.0
4053
48.0
3660
47.0
866
47.0
4123
47.0
6570
47.0
3904
47.0
8169
47.0
4617
47.0
3128
47.0
4457
47.0
778
47.0
7562
47.0
59
47.0
2928
47.0
7850
46.0
4162
46.0
6385
46.0
6154
46.0
8373
46.0
