5833
8783.0
6338
7135.0
852
5444.0
8248
4243.0
4470
4059.0
129
3834.0
605
3330.0
8099
3017.0
2831
2413.0
5947
2403.0
276
2396.0
4709
2196.0
687
2187.0
7966
2181.0
649
2076.0
8045
2072.0
2471
1994.0
8046
1929.0
400
1896.0
3002
1823.0
8293
1822.0
3547
1764.0
7187
1704.0
4870
1634.0
7875
1572.0
7946
1564.0
4962
1556.0
8119
1556.0
3132
1553.0
7988
1522.0
7425
1486.0
8416
1454.0
1
1424.0
222
1391.0
1445
1337.0
7080
1335.0
1730
1319.0
6815
1310.0
2093
1308.0
5355
1282.0
8152
1240.0
2130
1232.0
3824
1198.0
4168
1190.0
6370
1174.0
3561
1165.0
277
1149.0
981
1143.0
1752
1132.0
365
1130.0
8296
1112.0
9
1104.0
1665
1100.0
1416
1099.0
1198
1094.0
176
1089.0
7443
1086.0
3814
1063.0
2168
1056.0
7151
1054.0
5832
1053.0
8077
1044.0
4683
1017.0
5324
1012.0
3921
1011.0
6925
1010.0
4719
1006.0
4485
999.0
4227
995.0
3287
978.0
3788
965.0
1078
963.0
2067
933.0
2952
929.0
6524
912.0
5819
910.0
6190
906.0
6736
896.0
2395
893.0
4241
886.0
1771
884.0
3706
882.0
1313
881.0
6748
865.0
1887
864.0
101
862.0
5273
850.0
3028
849.0
6573
848.0
3029
840.0
3387
827.0
6105
809.0
4482
809.0
2196
800.0
3200
798.0
3434
782.0
2614
776.0
7296
775.0
7918
772.0
3787
770.0
3730
754.0
4180
751.0
5363
747.0
4831
728.0
3819
727.0
5003
725.0
381
723.0
5094
711.0
3222
710.0
5820
708.0
5292
706.0
6116
689.0
3443
688.0
2464
678.0
5329
675.0
6143
670.0
7055
667.0
7144
666.0
6941
663.0
2108
657.0
7753
649.0
2933
641.0
305
633.0
5297
632.0
8311
631.0
1624
630.0
5991
622.0
1209
616.0
3166
616.0
4306
613.0
4905
612.0
6551
611.0
1011
605.0
8449
598.0
2844
597.0
2990
596.0
259
595.0
7467
589.0
6992
587.0
3140
583.0
2490
573.0
59
572.0
3407
572.0
2027
571.0
6699
571.0
2862
564.0
6442
558.0
6538
557.0
7018
552.0
7723
550.0
3567
550.0
5202
548.0
4804
548.0
2965
544.0
568
537.0
2665
536.0
2343
534.0
7527
533.0
5794
531.0
2600
530.0
780
528.0
1337
525.0
157
523.0
813
514.0
1875
513.0
371
507.0
5431
503.0
6163
503.0
6236
503.0
8242
501.0
8094
496.0
175
493.0
4365
491.0
6189
489.0
4051
489.0
7041
488.0
8015
488.0
28
484.0
4714
484.0
954
482.0
5788
480.0
5994
473.0
2400
471.0
411
469.0
7493
469.0
4278
466.0
1611
465.0
99
465.0
6270
459.0
6611
452.0
6801
451.0
742
441.0
7227
438.0
3698
433.0
4108
431.0
1946
428.0
4792
428.0
2788
420.0
8424
420.0
3181
417.0
288
414.0
8059
413.0
1172
412.0
6404
409.0
2853
408.0
5225
408.0
3565
407.0
8354
406.0
384
404.0
8442
402.0
3260
400.0
7658
400.0
5072
400.0
1438
399.0
8162
393.0
7587
392.0
1375
391.0
5050
390.0
8316
389.0
677
388.0
6095
388.0
8379
388.0
5966
385.0
1458
384.0
7066
384.0
630
380.0
3943
380.0
2367
376.0
4888
376.0
4268
375.0
2100
373.0
8308
373.0
3759
368.0
7930
366.0
1265
365.0
7779
363.0
3131
362.0
7184
362.0
4102
360.0
6931
357.0
466
355.0
2609
353.0
1382
353.0
805
351.0
3128
351.0
328
350.0
7539
350.0
6494
348.0
5316
346.0
7776
345.0
4008
345.0
666
341.0
8367
341.0
8427
341.0
7771
340.0
1377
340.0
7012
339.0
5289
338.0
7938
337.0
7685
333.0
2622
333.0
110
333.0
7279
332.0
7379
332.0
6456
331.0
2911
331.0
169
331.0
3005
330.0
3583
330.0
8217
329.0
7512
328.0
7128
328.0
7740
327.0
5279
327.0
7661
325.0
3325
325.0
315
325.0
720
324.0
6872
324.0
7790
324.0
2324
323.0
5462
322.0
2872
322.0
8188
321.0
7463
321.0
5684
320.0
7225
317.0
2889
317.0
2947
317.0
3147
317.0
266
316.0
1261
316.0
7921
315.0
5422
314.0
931
313.0
2213
313.0
3593
312.0
6094
311.0
2414
310.0
4637
308.0
7831
308.0
6168
307.0
134
306.0
8050
306.0
4290
305.0
7088
305.0
203
303.0
4244
303.0
2
301.0
8071
300.0
999
299.0
562
298.0
6075
297.0
3082
296.0
2792
295.0
2385
295.0
1267
293.0
6279
293.0
4505
292.0
456
292.0
5932
291.0
5145
291.0
1268
290.0
2033
289.0
7472
289.0
4599
288.0
4776
288.0
7816
287.0
5349
285.0
6281
285.0
6354
283.0
4782
282.0
4427
282.0
4937
282.0
6779
281.0
3884
280.0
4457
280.0
7920
278.0
6100
277.0
3607
277.0
7260
276.0
8282
276.0
5737
276.0
7969
275.0
6661
275.0
6932
274.0
814
273.0
2626
273.0
2498
272.0
6612
272.0
2891
271.0
7052
271.0
234
270.0
609
269.0
8096
267.0
4975
266.0
7419
266.0
3539
266.0
4113
265.0
4779
264.0
4889
264.0
362
263.0
3467
263.0
4053
262.0
6152
260.0
5077
259.0
2727
259.0
2175
258.0
4441
258.0
2373
257.0
6183
257.0
4865
257.0
4980
256.0
785
255.0
375
255.0
8398
255.0
3978
255.0
3659
254.0
1911
254.0
4623
254.0
5177
254.0
6450
253.0
8376
253.0
970
253.0
1933
250.0
4701
250.0
4733
250.0
5865
248.0
156
247.0
5502
246.0
4692
246.0
8255
246.0
862
246.0
4809
246.0
5669
245.0
5270
245.0
4271
244.0
4354
244.0
6532
244.0
2097
243.0
2740
243.0
6813
242.0
1721
242.0
1044
241.0
4336
241.0
7337
240.0
3426
240.0
6179
240.0
2347
239.0
4399
239.0
5762
239.0
569
239.0
7473
238.0
3558
238.0
4436
238.0
4013
238.0
594
238.0
182
238.0
3240
237.0
4855
237.0
183
237.0
5534
236.0
5624
236.0
2396
235.0
1930
235.0
5591
235.0
217
234.0
6695
234.0
4096
234.0
5428
232.0
7366
232.0
1622
232.0
229
231.0
2425
231.0
7961
231.0
1161
229.0
1729
229.0
2940
228.0
2203
228.0
7582
228.0
7660
227.0
282
227.0
4631
227.0
2598
226.0
3011
226.0
623
225.0
2935
225.0
6570
225.0
2302
224.0
4628
224.0
374
224.0
3952
224.0
2381
222.0
7904
222.0
4162
221.0
3839
221.0
7767
220.0
8012
220.0
8357
219.0
1754
219.0
5757
219.0
3142
219.0
6072
218.0
3791
217.0
3690
216.0
5485
216.0
6492
216.0
1338
216.0
2296
216.0
6368
215.0
5798
215.0
6005
214.0
2920
214.0
869
214.0
4132
213.0
6121
213.0
7574
213.0
5203
211.0
6313
210.0
7916
210.0
3660
209.0
6020
209.0
2883
208.0
2982
208.0
2255
208.0
4475
208.0
4530
206.0
1498
206.0
1960
206.0
1980
206.0
940
206.0
1892
206.0
4220
205.0
4187
204.0
7510
204.0
2006
203.0
93
203.0
6593
203.0
3919
203.0
3574
203.0
