5833
10564.0
129
5229.0
8248
3904.0
8099
3702.0
6931
3135.0
7425
2916.0
5431
2362.0
852
2285.0
4470
2140.0
6338
2126.0
6442
2074.0
3132
1907.0
605
1887.0
7187
1861.0
2831
1682.0
4168
1658.0
999
1633.0
4637
1572.0
7587
1448.0
1078
1413.0
3181
1407.0
4870
1379.0
8293
1366.0
687
1364.0
3131
1362.0
6573
1314.0
3730
1289.0
7988
1251.0
456
1235.0
5762
1227.0
3884
1218.0
4427
1209.0
6715
1128.0
8094
1003.0
6748
975.0
2665
971.0
276
959.0
5947
942.0
6370
939.0
6233
932.0
229
930.0
6189
919.0
649
901.0
288
901.0
7392
900.0
2196
899.0
5324
897.0
1382
889.0
400
870.0
2108
852.0
3222
845.0
4722
835.0
8380
828.0
4025
826.0
6564
810.0
8286
802.0
4709
793.0
3824
783.0
6116
783.0
3943
780.0
7080
780.0
365
779.0
5292
755.0
2940
752.0
176
752.0
8119
729.0
6073
726.0
7875
725.0
5951
719.0
1464
710.0
381
705.0
3814
686.0
7660
685.0
4610
682.0
2067
682.0
8096
664.0
5868
650.0
6635
649.0
384
645.0
3300
642.0
7292
638.0
2609
638.0
4227
635.0
2456
630.0
377
630.0
1375
623.0
259
608.0
5177
608.0
7918
606.0
5392
605.0
4683
604.0
9
591.0
2952
590.0
4093
589.0
5003
583.0
8046
578.0
5832
575.0
2033
573.0
2130
572.0
2168
567.0
315
563.0
8023
562.0
3287
561.0
5647
560.0
2093
558.0
1722
554.0
7740
552.0
2173
549.0
101
541.0
7517
539.0
7784
535.0
1260
528.0
2100
524.0
7644
519.0
8416
519.0
266
514.0
3200
512.0
7144
505.0
1198
498.0
720
494.0
5798
493.0
487
484.0
1990
481.0
3002
476.0
3788
474.0
175
473.0
2367
468.0
2333
467.0
6815
466.0
4874
462.0
1665
459.0
2765
459.0
2933
457.0
4915
453.0
5072
446.0
4008
442.0
692
441.0
4399
441.0
2395
438.0
1313
437.0
6168
434.0
2766
428.0
8442
427.0
1730
425.0
6612
425.0
7790
424.0
5930
423.0
4631
423.0
5534
422.0
3387
422.0
109
414.0
4865
410.0
1611
405.0
4831
404.0
7296
403.0
1475
395.0
5966
395.0
3593
395.0
5329
394.0
8379
388.0
2928
387.0
8357
387.0
7146
387.0
5355
386.0
666
385.0
5245
384.0
1
382.0
8316
382.0
3702
380.0
2227
379.0
772
377.0
931
377.0
7225
374.0
4278
374.0
3561
374.0
5077
373.0
5297
369.0
6236
362.0
798
361.0
4108
360.0
8152
360.0
305
360.0
4301
358.0
2948
356.0
7066
356.0
7237
355.0
8354
355.0
6801
354.0
7854
353.0
5737
353.0
3443
351.0
4905
350.0
3706
349.0
1084
348.0
2990
346.0
1938
344.0
5819
343.0
5024
342.0
1771
341.0
7913
341.0
2557
340.0
3620
340.0
7699
334.0
7753
332.0
6727
331.0
4123
331.0
3759
331.0
8242
331.0
4962
330.0
8182
330.0
822
330.0
2844
329.0
2965
329.0
7506
327.0
8077
327.0
8415
325.0
3961
324.0
8296
323.0
4891
322.0
8169
321.0
1892
321.0
2380
320.0
1300
320.0
6611
320.0
4682
319.0
5094
316.0
7055
314.0
2471
311.0
677
308.0
2878
308.0
3328
308.0
2027
308.0
6875
307.0
4102
305.0
8367
304.0
7966
302.0
3029
299.0
3166
298.0
4180
296.0
3352
296.0
3633
295.0
8151
295.0
7052
295.0
8419
295.0
1458
294.0
4306
294.0
3921
294.0
4733
293.0
1337
292.0
6095
291.0
6858
286.0
780
284.0
1364
284.0
1154
280.0
5317
280.0
5393
280.0
2862
279.0
1570
279.0
2373
278.0
7539
278.0
4909
278.0
1327
277.0
1459
276.0
1695
276.0
2302
275.0
59
273.0
3539
273.0
5886
272.0
4854
271.0
8045
271.0
4850
270.0
1880
270.0
4792
267.0
2296
267.0
6992
266.0
1013
265.0
900
265.0
28
264.0
3904
264.0
6190
264.0
3668
261.0
5289
259.0
953
259.0
5477
258.0
217
258.0
4241
258.0
3421
258.0
7723
255.0
2498
254.0
348
253.0
3128
253.0
4485
253.0
2006
252.0
3082
251.0
7993
251.0
7443
248.0
2638
248.0
4985
247.0
7259
245.0
8281
245.0
5220
244.0
6456
243.0
1209
242.0
371
241.0
8311
241.0
4538
240.0
2055
238.0
1681
238.0
7869
238.0
336
237.0
1325
237.0
6925
236.0
3424
236.0
8069
236.0
3819
235.0
7493
234.0
7018
233.0
793
229.0
4365
227.0
2600
226.0
3107
226.0
2385
225.0
2800
225.0
4714
225.0
5360
225.0
99
224.0
2306
221.0
2546
221.0
6350
220.0
5514
220.0
8274
220.0
6736
219.0
7041
219.0
2190
218.0
4980
217.0
5918
217.0
6681
217.0
7541
217.0
3607
217.0
1044
216.0
5910
216.0
3574
216.0
3438
215.0
5273
215.0
2677
215.0
8025
215.0
6464
214.0
2134
214.0
3434
213.0
1377
213.0
3140
213.0
7122
212.0
8097
211.0
3754
211.0
132
210.0
7157
210.0
5580
209.0
6100
209.0
6586
209.0
4482
209.0
7572
209.0
4051
208.0
7667
207.0
589
206.0
5288
205.0
3282
204.0
3684
201.0
3817
201.0
1675
201.0
7896
201.0
7625
200.0
234
200.0
8179
200.0
4920
199.0
1966
198.0
4644
198.0
4228
198.0
7745
197.0
521
197.0
5787
197.0
171
197.0
5828
196.0
2
196.0
4978
196.0
2324
196.0
4132
196.0
1371
196.0
630
195.0
2464
195.0
8243
195.0
6630
195.0
5363
195.0
296
193.0
1763
193.0
1881
193.0
2423
192.0
8392
192.0
4806
192.0
3490
191.0
7003
191.0
2911
190.0
3892
190.0
7845
190.0
6524
190.0
7946
190.0
8475
190.0
2883
189.0
3741
189.0
7801
189.0
7975
189.0
3429
188.0
466
188.0
6192
188.0
2257
187.0
7510
187.0
8059
187.0
1374
186.0
2552
185.0
1018
184.0
5462
184.0
785
184.0
6961
184.0
7000
184.0
7977
184.0
7181
184.0
1445
184.0
2076
183.0
2614
182.0
2792
181.0
4114
181.0
2853
181.0
1739
181.0
8188
180.0
262
179.0
5932
179.0
7424
177.0
1416
177.0
2343
176.0
6779
176.0
6311
176.0
4322
176.0
569
176.0
1265
175.0
5316
175.0
4491
175.0
8414
175.0
2400
174.0
6254
174.0
4782
173.0
7955
173.0
609
172.0
7073
172.0
7331
170.0
3839
170.0
6995
170.0
6580
170.0
7048
170.0
3273
169.0
222
169.0
2947
169.0
2889
168.0
7379
168.0
5898
167.0
1920
167.0
1817
166.0
805
165.0
6924
165.0
6200
165.0
6958
164.0
5202
164.0
8398
164.0
418
163.0
6240
163.0
3660
162.0
5422
162.0
6699
162.0
1624
161.0
6966
161.0
8376
161.0
5712
161.0
4946
161.0
4013
160.0
4276
158.0
703
157.0
4076
157.0
4297
156.0
2935
156.0
6195
156.0
916
156.0
169
156.0
7658
155.0
2475
155.0
584
155.0
6226
155.0
954
154.0
3787
153.0
375
153.0
8219
153.0
2518
153.0
5225
153.0
