5833
4767.0
129
2431.0
8099
2292.0
8248
2177.0
4470
1762.0
6338
1355.0
605
1217.0
7187
1113.0
7425
1103.0
5431
1095.0
3132
1023.0
4168
1016.0
852
968.0
7988
911.0
6931
783.0
6573
772.0
8293
734.0
6815
712.0
2093
708.0
1078
704.0
5947
677.0
2831
660.0
687
597.0
2665
578.0
3814
570.0
3730
560.0
2196
559.0
4722
548.0
3222
535.0
6442
532.0
6189
507.0
3943
490.0
5324
488.0
7296
471.0
6748
470.0
4683
464.0
4637
459.0
4870
458.0
4427
453.0
3131
442.0
2108
441.0
6611
439.0
999
420.0
456
414.0
6116
414.0
3884
411.0
8046
406.0
7875
405.0
649
403.0
5003
393.0
1665
393.0
5762
389.0
2033
387.0
381
387.0
1313
378.0
3593
369.0
2990
366.0
7587
366.0
487
358.0
259
351.0
5292
349.0
266
343.0
4008
343.0
305
340.0
5072
333.0
7080
329.0
5177
328.0
1611
325.0
1382
319.0
7443
314.0
9
311.0
276
311.0
6233
311.0
315
299.0
7144
299.0
5951
295.0
2100
295.0
101
293.0
3002
292.0
2844
291.0
175
289.0
365
287.0
7237
285.0
176
283.0
5832
281.0
2067
277.0
2940
277.0
2173
273.0
6801
272.0
59
271.0
3287
266.0
8357
263.0
2609
263.0
2168
262.0
3443
258.0
8119
251.0
1084
250.0
7740
249.0
5798
249.0
4709
248.0
3200
244.0
6370
244.0
2471
237.0
8419
237.0
1198
235.0
666
234.0
8354
229.0
3788
227.0
4865
227.0
4227
224.0
4051
222.0
5462
221.0
3706
220.0
229
218.0
7459
218.0
7790
214.0
5355
214.0
1730
213.0
4102
211.0
1375
211.0
8416
211.0
6073
210.0
1
208.0
384
208.0
7392
208.0
2952
208.0
8380
205.0
6718
204.0
2395
204.0
1364
201.0
5077
200.0
7913
200.0
4460
200.0
4278
199.0
400
199.0
5329
198.0
4610
197.0
4631
195.0
2557
195.0
3142
194.0
28
193.0
5392
190.0
6095
188.0
6612
188.0
7938
187.0
99
186.0
3181
186.0
8274
185.0
8094
184.0
336
183.0
6925
183.0
4399
183.0
7644
182.0
1610
181.0
5757
181.0
6236
181.0
7128
181.0
2385
180.0
5910
180.0
4831
180.0
3620
180.0
4306
179.0
793
178.0
2367
177.0
4108
176.0
1445
176.0
3741
175.0
8311
175.0
3561
172.0
5393
171.0
5564
170.0
2933
170.0
6168
170.0
3921
170.0
3659
169.0
2862
169.0
4322
169.0
6404
168.0
4962
167.0
3300
166.0
1464
165.0
5966
165.0
1458
161.0
5534
161.0
5737
161.0
7572
161.0
1722
160.0
2638
159.0
8096
158.0
6570
158.0
3166
158.0
2333
157.0
4874
157.0
8152
156.0
5930
156.0
110
156.0
2800
155.0
6635
155.0
4682
151.0
6992
151.0
4025
151.0
6715
150.0
1509
150.0
5273
150.0
4733
149.0
3082
149.0
7539
149.0
5819
148.0
5868
148.0
2130
148.0
1459
147.0
1570
147.0
8012
147.0
1209
146.0
3904
146.0
6736
145.0
5024
145.0
2006
145.0
3387
144.0
4301
144.0
5428
143.0
4180
143.0
5270
143.0
5864
142.0
692
140.0
5026
140.0
1990
140.0
288
139.0
5220
139.0
4485
139.0
6818
138.0
3421
138.0
277
137.0
3824
137.0
1771
137.0
1337
137.0
2766
137.0
7292
136.0
3759
136.0
8286
135.0
2227
135.0
7966
135.0
7784
134.0
4714
134.0
3574
134.0
589
134.0
953
132.0
3240
131.0
2552
131.0
5232
131.0
5297
131.0
7975
131.0
4482
131.0
7723
130.0
5360
130.0
720
129.0
8316
128.0
2878
127.0
6586
127.0
3819
126.0
217
125.0
6281
125.0
5288
124.0
3128
124.0
4905
124.0
4688
123.0
2213
123.0
7146
123.0
7630
122.0
109
122.0
1260
121.0
3029
121.0
1626
120.0
8367
119.0
7918
119.0
3177
119.0
2380
118.0
3805
118.0
4436
118.0
6190
117.0
1752
117.0
6695
117.0
8023
117.0
4776
116.0
4538
115.0
677
115.0
203
115.0
3352
115.0
2928
115.0
1911
114.0
6538
113.0
2
112.0
4599
112.0
7660
112.0
5363
112.0
132
112.0
8077
112.0
2883
111.0
814
111.0
7946
111.0
7506
111.0
8415
111.0
8449
111.0
6614
110.0
5317
110.0
1933
109.0
4093
109.0
3434
108.0
839
108.0
6100
107.0
7003
107.0
8188
106.0
4809
106.0
1300
106.0
1416
106.0
2788
105.0
2341
105.0
4627
105.0
1265
105.0
8025
105.0
6350
104.0
296
104.0
6564
104.0
7699
103.0
2027
103.0
2965
103.0
900
103.0
3107
103.0
2456
102.0
4327
102.0
6699
102.0
4920
102.0
1892
101.0
7753
100.0
7896
100.0
6163
100.0
7517
100.0
1941
99.0
2097
99.0
8247
99.0
931
99.0
4013
99.0
8059
99.0
3619
99.0
222
98.0
2935
98.0
1695
98.0
2190
98.0
7055
98.0
2373
97.0
7018
97.0
3539
97.0
8045
97.0
4530
96.0
623
96.0
1624
96.0
8296
96.0
6226
96.0
4909
96.0
5477
95.0
2498
95.0
5112
95.0
6944
95.0
4894
95.0
6200
95.0
7157
95.0
4915
95.0
4782
94.0
7493
94.0
6192
94.0
2600
94.0
1880
94.0
4980
93.0
7225
93.0
3328
93.0
2649
93.0
5794
93.0
3260
92.0
2421
92.0
703
92.0
798
92.0
2588
92.0
6524
92.0
5289
92.0
1721
92.0
7075
92.0
5647
91.0
1480
90.0
4587
90.0
4644
90.0
5114
90.0
1681
90.0
4768
90.0
8392
90.0
7551
90.0
8427
90.0
1887
90.0
7667
89.0
7687
89.0
6858
89.0
4241
89.0
37
89.0
1268
89.0
4365
89.0
4388
89.0
6580
89.0
2302
88.0
2872
88.0
1622
88.0
822
88.0
7510
88.0
1011
87.0
5094
87.0
5918
87.0
1161
87.0
8242
87.0
4719
87.0
3961
87.0
169
87.0
5872
86.0
1739
86.0
3705
85.0
4673
85.0
6424
85.0
5126
85.0
3978
85.0
1934
84.0
8169
84.0
5548
84.0
6456
84.0
6469
84.0
409
84.0
5225
84.0
2677
84.0
2272
84.0
161
84.0
1881
84.0
2546
83.0
473
83.0
6727
82.0
2074
82.0
8281
82.0
6584
82.0
7041
82.0
7066
82.0
1325
82.0
2296
82.0
6661
82.0
6681
82.0
114
82.0
8475
82.0
2765
82.0
5886
81.0
1938
81.0
2853
81.0
4268
81.0
3427
81.0
402
81.0
1338
81.0
7527
81.0
154
81.0
7136
81.0
2324
80.0
3282
80.0
7210
80.0
285
80.0
2614
80.0
4838
80.0
3140
80.0
215
79.0
772
79.0
3898
79.0
8398
79.0
4850
79.0
6201
79.0
630
78.0
4642
77.0
6094
77.0
1250
77.0
6659
77.0
134
77.0
8442
77.0
172
77.0
4985
76.0
2347
76.0
1053
76.0
5898
76.0
6306
76.0
8148
76.0
8151
76.0
2404
76.0
4647
76.0
57
76.0
2948
76.0
3432
76.0
7801
76.0
6959
76.0
4792
76.0
903
76.0
3547
76.0
