5833
25868.0
4709
15142.0
2831
13355.0
6338
12858.0
687
11566.0
129
11214.0
852
9328.0
8248
8735.0
8119
8029.0
605
7983.0
4227
7724.0
6370
7222.0
6931
7104.0
4870
6872.0
276
6277.0
8099
6165.0
2130
6121.0
649
5470.0
1198
4983.0
3824
4925.0
5947
4684.0
3561
4661.0
7187
4513.0
2067
4501.0
8442
4482.0
6442
4464.0
3132
4205.0
2952
4154.0
2343
3966.0
8293
3907.0
4962
3867.0
4168
3706.0
176
3701.0
6748
3685.0
400
3643.0
2600
3598.0
5355
3411.0
4905
3407.0
2395
3371.0
1
3287.0
7918
3263.0
9
3254.0
3730
3197.0
3387
3189.0
4470
3188.0
3200
3128.0
2108
3123.0
6715
3121.0
371
3109.0
3788
3067.0
5297
3066.0
5329
3066.0
4132
3054.0
5431
3048.0
7080
3048.0
7392
2992.0
7425
2980.0
569
2969.0
365
2883.0
1209
2852.0
999
2850.0
7875
2846.0
5966
2835.0
7587
2803.0
4365
2718.0
8286
2632.0
8379
2619.0
3002
2607.0
4714
2571.0
2027
2543.0
6661
2532.0
1078
2471.0
5832
2470.0
456
2460.0
2456
2457.0
2324
2452.0
229
2396.0
4427
2384.0
6189
2377.0
6573
2363.0
4180
2335.0
3706
2333.0
1622
2322.0
8242
2306.0
8152
2301.0
2168
2298.0
5324
2294.0
3181
2283.0
4831
2228.0
7055
2209.0
1382
2121.0
1267
2115.0
4637
2110.0
381
2092.0
6116
2036.0
814
2011.0
1491
1990.0
2933
1990.0
1337
1954.0
8367
1953.0
2471
1932.0
5762
1931.0
8045
1925.0
3131
1921.0
3287
1916.0
6236
1915.0
7988
1906.0
6233
1887.0
8380
1882.0
931
1854.0
375
1840.0
2464
1826.0
5932
1823.0
7660
1817.0
7916
1815.0
3166
1802.0
4093
1794.0
2367
1792.0
101
1786.0
4722
1785.0
6075
1776.0
677
1765.0
780
1755.0
1011
1739.0
3140
1736.0
6278
1734.0
162
1732.0
3011
1731.0
6564
1725.0
5292
1707.0
6736
1686.0
8416
1678.0
8046
1674.0
5794
1664.0
142
1661.0
6073
1654.0
1260
1635.0
8059
1606.0
3222
1595.0
7018
1570.0
6635
1561.0
7966
1552.0
4623
1543.0
5094
1529.0
4482
1521.0
3819
1520.0
8162
1519.0
720
1513.0
8094
1509.0
7144
1504.0
288
1500.0
7723
1490.0
6779
1486.0
5624
1485.0
4108
1481.0
7510
1456.0
2296
1456.0
822
1432.0
3342
1429.0
4634
1415.0
3787
1405.0
1375
1403.0
384
1388.0
1464
1385.0
4682
1382.0
1990
1379.0
4494
1373.0
182
1369.0
4792
1365.0
5245
1365.0
3407
1361.0
2347
1355.0
1416
1355.0
4244
1350.0
1980
1344.0
3539
1331.0
6612
1331.0
4025
1316.0
5003
1303.0
222
1301.0
4724
1296.0
1946
1289.0
6190
1287.0
6168
1276.0
3029
1272.0
3943
1270.0
5289
1270.0
1771
1266.0
594
1262.0
2665
1250.0
5819
1239.0
28
1232.0
2965
1231.0
2373
1224.0
1458
1221.0
3300
1221.0
169
1221.0
3839
1216.0
466
1206.0
266
1203.0
5951
1203.0
7410
1201.0
1730
1198.0
6858
1191.0
6020
1188.0
5363
1161.0
5202
1148.0
5617
1144.0
3904
1144.0
4719
1144.0
8281
1143.0
5145
1136.0
8077
1134.0
630
1131.0
2853
1131.0
3257
1130.0
7541
1125.0
7687
1119.0
7493
1118.0
7041
1111.0
5868
1109.0
3921
1103.0
562
1099.0
315
1093.0
7921
1089.0
4441
1085.0
1445
1081.0
609
1080.0
785
1080.0
377
1077.0
1722
1071.0
2203
1071.0
3434
1070.0
2173
1067.0
805
1062.0
2792
1054.0
7539
1050.0
4399
1048.0
7517
1045.0
3567
1044.0
1044
1042.0
6094
1028.0
7151
1026.0
7227
1024.0
5422
1020.0
4278
1020.0
7299
1018.0
7816
1017.0
2
1016.0
8449
1013.0
4692
1011.0
3884
1008.0
3128
1006.0
134
1005.0
8096
1003.0
348
1002.0
1880
1001.0
2788
999.0
2928
998.0
4733
998.0
6524
998.0
4889
995.0
6389
991.0
2920
986.0
5737
976.0
1803
973.0
5820
971.0
3754
970.0
5508
966.0
3443
962.0
1752
961.0
4187
959.0
1754
959.0
2135
956.0
2571
933.0
6925
933.0
1708
933.0
954
932.0
8311
930.0
1084
929.0
7292
924.0
772
924.0
1018
919.0
7854
917.0
8179
907.0
5647
905.0
2032
903.0
4610
901.0
7790
900.0
5564
899.0
6446
899.0
7048
899.0
7066
899.0
3456
897.0
4008
897.0
5798
894.0
7801
888.0
3759
883.0
7470
881.0
2692
878.0
1570
871.0
4946
871.0
5994
870.0
5393
870.0
3282
868.0
2257
865.0
1892
863.0
2891
860.0
3157
856.0
7753
852.0
692
846.0
5316
846.0
4457
845.0
4854
844.0
2947
840.0
2333
839.0
6538
837.0
3817
835.0
259
834.0
7225
830.0
8296
827.0
8050
825.0
109
824.0
2033
823.0
2444
822.0
5050
822.0
5490
821.0
4850
821.0
7977
820.0
5177
819.0
2614
815.0
5930
814.0
3814
813.0
7146
811.0
374
810.0
6192
805.0
1681
804.0
5351
804.0
6279
803.0
686
801.0
8274
800.0
5886
791.0
3690
785.0
8354
785.0
8015
784.0
7052
778.0
3978
776.0
1624
776.0
788
769.0
234
767.0
1960
767.0
2400
767.0
5566
764.0
1268
763.0
4628
762.0
3393
762.0
2196
761.0
8023
757.0
6826
756.0
4683
755.0
8288
754.0
6464
752.0
2100
752.0
6593
752.0
7184
752.0
4776
750.0
7779
747.0
487
742.0
932
741.0
6801
740.0
7962
739.0
116
734.0
5072
733.0
2385
730.0
5496
729.0
4485
727.0
1763
727.0
203
726.0
3208
723.0
6875
722.0
4241
721.0
6193
718.0
8357
714.0
3683
712.0
4578
708.0
2341
705.0
5669
703.0
7658
701.0
4076
698.0
2552
695.0
1947
694.0
3607
693.0
5514
690.0
3961
690.0
5273
690.0
1300
689.0
6699
688.0
1327
687.0
1377
686.0
1938
685.0
8182
685.0
3633
683.0
4782
683.0
217
680.0
6095
680.0
5830
678.0
7740
677.0
7930
677.0
1911
675.0
417
673.0
981
673.0
2905
672.0
1668
672.0
2901
671.0
8255
670.0
328
669.0
1972
663.0
2490
663.0
6872
663.0
4980
659.0
2766
658.0
7699
654.0
7831
653.0
5872
652.0
2948
652.0
2227
652.0
2498
650.0
4909
648.0
5609
647.0
4444
646.0
5462
645.0
6298
644.0
7331
643.0
4268
642.0
5712
641.0
2231
640.0
6450
635.0
54
634.0
666
634.0
3583
634.0
7296
633.0
305
633.0
8151
633.0
7397
632.0
114
628.0
5267
626.0
6992
625.0
2940
624.0
4530
622.0
6200
620.0
5220
619.0
8188
618.0
4874
618.0
2889
617.0
4123
616.0
93
616.0
2765
615.0
257
614.0
589
614.0
2076
613.0
7784
613.0
5534
610.0
170
610.0
2862
609.0
813
608.0
8097
607.0
6735
606.0
1265
605.0
4740
605.0
3260
603.0
3938
600.0
7211
599.0
7181
596.0
8392
594.0
8373
591.0
1611
590.0
2414
588.0
8419
588.0
1371
585.0
6932
584.0
7366
581.0
2598
581.0
5077
581.0
5392
580.0
6385
579.0
3547
578.0
4538
576.0
6047
575.0
2935
575.0
7513
574.0
5024
574.0
1313
573.0
7678
573.0
7000
573.0
7115
573.0
1307
572.0
1466
572.0
4895
568.0
1971
566.0
6226
566.0
