5833
3510.0
276
3415.0
129
3220.0
5431
2069.0
456
1941.0
229
1918.0
8023
1883.0
4168
1631.0
931
1624.0
3730
1511.0
6573
1353.0
8096
1289.0
6192
1265.0
266
1263.0
1382
1070.0
4722
1060.0
2302
1049.0
1464
1035.0
4733
927.0
2928
927.0
8248
915.0
2108
911.0
4870
907.0
2665
871.0
6116
834.0
5329
812.0
5177
801.0
605
790.0
6189
788.0
2831
745.0
4909
684.0
2765
669.0
4399
623.0
999
614.0
5930
604.0
4709
587.0
7517
583.0
384
569.0
720
557.0
4682
537.0
8151
536.0
7399
531.0
3684
522.0
1078
521.0
7988
517.0
5393
505.0
6236
504.0
3943
500.0
4008
489.0
6168
484.0
1375
463.0
7181
457.0
5787
456.0
3567
447.0
171
443.0
6748
435.0
7187
428.0
1198
411.0
3222
405.0
4850
402.0
6612
402.0
8094
399.0
1458
399.0
1722
394.0
589
388.0
7644
387.0
1570
386.0
649
381.0
5548
380.0
6477
375.0
7225
374.0
3132
374.0
5794
372.0
1459
370.0
6338
369.0
7799
368.0
8293
365.0
8392
356.0
2033
353.0
217
351.0
6966
345.0
6370
342.0
6311
331.0
7073
328.0
3904
320.0
5392
320.0
4441
319.0
7510
316.0
2952
315.0
176
313.0
1892
312.0
1962
308.0
7052
306.0
3424
302.0
2130
300.0
6448
299.0
1920
293.0
4623
291.0
7955
291.0
2373
289.0
687
289.0
6279
288.0
6826
287.0
288
286.0
5798
286.0
2134
281.0
6651
280.0
852
278.0
7699
278.0
4344
276.0
2076
276.0
425
273.0
3788
269.0
4388
266.0
1706
263.0
8242
262.0
2341
260.0
5292
259.0
6580
257.0
4132
256.0
4475
254.0
5534
253.0
5958
252.0
2385
250.0
2498
248.0
1011
247.0
1364
246.0
4962
244.0
4889
243.0
5477
242.0
3574
241.0
8274
240.0
2933
236.0
2034
234.0
3377
234.0
1681
234.0
2161
232.0
4102
230.0
3200
229.0
4874
229.0
2640
228.0
7790
226.0
2638
223.0
3332
223.0
402
222.0
3414
219.0
953
219.0
3561
217.0
7560
215.0
2820
213.0
7933
211.0
5324
211.0
1383
210.0
4673
208.0
8046
208.0
2367
207.0
3839
204.0
4538
203.0
4343
202.0
4782
201.0
4308
201.0
8119
201.0
6470
200.0
8099
196.0
8398
196.0
3272
194.0
8442
194.0
7896
193.0
290
190.0
5107
190.0
7227
189.0
4108
188.0
3128
188.0
3287
187.0
5072
187.0
1985
186.0
2552
181.0
5737
181.0
6479
181.0
4000
180.0
3620
180.0
7080
179.0
2992
179.0
2935
178.0
7055
177.0
1557
177.0
2440
177.0
6886
177.0
7987
177.0
1350
176.0
4096
176.0
7122
176.0
1084
174.0
4322
172.0
5947
172.0
1049
170.0
7875
170.0
2203
170.0
4865
170.0
5768
170.0
7562
170.0
7101
169.0
7809
168.0
6736
168.0
1926
167.0
8162
166.0
6459
166.0
1498
164.0
2343
164.0
1047
164.0
5050
164.0
364
164.0
5360
163.0
1240
162.0
5297
162.0
5732
162.0
1112
159.0
7333
158.0
6586
156.0
4298
155.0
7356
155.0
996
153.0
609
152.0
5690
151.0
1841
151.0
4242
150.0
7144
150.0
2940
150.0
2190
149.0
1337
149.0
911
149.0
3301
149.0
169
149.0
5003
148.0
4831
148.0
3572
148.0
814
147.0
8419
147.0
1554
146.0
7189
146.0
5825
145.0
431
145.0
703
145.0
381
145.0
7252
144.0
6095
144.0
4792
143.0
4596
143.0
3443
141.0
4121
141.0
4365
141.0
4194
141.0
3166
141.0
101
141.0
4714
141.0
7600
139.0
3662
137.0
6200
137.0
93
137.0
6094
137.0
2380
136.0
4124
136.0
3387
136.0
2306
135.0
2586
135.0
5966
135.0
3598
135.0
6019
135.0
2570
134.0
2902
133.0
2508
132.0
4144
130.0
6291
130.0
7501
129.0
4895
128.0
5355
128.0
28
128.0
182
128.0
7428
127.0
3759
127.0
666
126.0
4266
126.0
1608
126.0
1013
125.0
3690
125.0
2396
125.0
3946
125.0
2891
124.0
3539
124.0
2296
124.0
7993
124.0
6992
123.0
7918
123.0
3768
122.0
4905
122.0
2571
121.0
4228
121.0
7801
120.0
5112
120.0
4295
120.0
5837
119.0
4558
119.0
683
119.0
246
119.0
7493
119.0
2600
118.0
7551
118.0
1899
118.0
7876
117.0
5989
117.0
5564
117.0
4227
116.0
1534
115.0
584
115.0
7157
115.0
8050
115.0
4366
114.0
1035
113.0
365
113.0
6278
113.0
3892
111.0
1039
111.0
4378
111.0
3066
111.0
7041
111.0
1161
111.0
6661
111.0
6490
111.0
4530
110.0
259
110.0
8379
110.0
8193
110.0
2135
109.0
1960
109.0
1969
108.0
1765
107.0
940
107.0
8262
107.0
7401
106.0
1515
106.0
1451
106.0
8367
105.0
2466
105.0
4692
105.0
4219
105.0
3791
104.0
736
104.0
1830
103.0
2986
103.0
4776
102.0
3011
102.0
5785
102.0
371
102.0
4616
101.0
3140
101.0
4076
101.0
4951
101.0
4790
100.0
8316
100.0
7000
100.0
5685
99.0
3819
99.0
2324
98.0
6136
98.0
1338
98.0
2074
98.0
793
98.0
572
98.0
7550
98.0
4972
97.0
8152
97.0
569
97.0
1735
96.0
1044
95.0
2800
95.0
7066
95.0
1346
95.0
3571
95.0
2272
95.0
6226
95.0
7658
94.0
1794
94.0
1410
94.0
8390
93.0
2551
92.0
7151
92.0
2542
91.0
3493
91.0
6801
91.0
4740
90.0
4312
90.0
5077
90.0
1980
90.0
1652
90.0
3607
90.0
5864
89.0
3282
89.0
5352
89.0
6931
88.0
5245
88.0
7056
88.0
8179
88.0
947
88.0
6456
88.0
2749
88.0
5886
87.0
418
87.0
128
87.0
6757
86.0
234
86.0
7256
86.0
7262
86.0
4637
86.0
7916
86.0
6858
86.0
4297
86.0
1209
86.0
4986
85.0
6344
85.0
6108
85.0
296
85.0
2862
85.0
7664
84.0
2027
84.0
7564
84.0
7558
84.0
6932
83.0
700
83.0
6842
83.0
2067
83.0
2729
83.0
4372
82.0
5462
82.0
8150
82.0
5502
82.0
9
81.0
2886
81.0
2472
81.0
2006
81.0
7342
81.0
7156
81.0
2541
80.0
4745
80.0
409
80.0
2168
80.0
5191
80.0
8292
80.0
1898
80.0
876
79.0
952
79.0
7966
79.0
7305
79.0
5238
78.0
1556
78.0
7977
78.0
6464
78.0
37
78.0
8220
78.0
6918
77.0
1077
77.0
3959
77.0
4838
77.0
2249
77.0
2487
77.0
6442
77.0
6929
76.0
5644
76.0
5202
76.0
1313
76.0
5547
76.0
7367
76.0
8059
76.0
859
75.0
6335
75.0
8310
75.0
3505
75.0
3556
75.0
5316
75.0
6420
75.0
46
75.0
197
75.0
1668
75.0
2792
74.0
6515
74.0
7882
74.0
7470
74.0
8317
74.0
2626
74.0
6805
74.0
5832
73.0
4510
73.0
2164
73.0
6100
73.0
8311
73.0
1306
73.0
5714
73.0
2231
73.0
3658
72.0
1740
72.0
5145
72.0
