5833
922.0
129
502.0
8248
415.0
4168
271.0
3132
242.0
7988
229.0
605
209.0
1458
191.0
8293
182.0
5324
181.0
5431
177.0
6573
173.0
6338
160.0
1078
157.0
1382
152.0
3222
145.0
2665
144.0
2108
136.0
7187
134.0
5947
132.0
7425
125.0
7237
123.0
6189
123.0
8046
113.0
7151
112.0
8416
111.0
6095
108.0
3759
102.0
2033
102.0
8242
100.0
5832
98.0
6718
97.0
6116
97.0
2385
95.0
666
95.0
8357
95.0
3943
95.0
2067
92.0
852
91.0
456
87.0
1959
86.0
7080
86.0
5273
85.0
276
85.0
7128
83.0
8099
82.0
6931
81.0
7966
80.0
381
80.0
5292
79.0
7144
79.0
4709
79.0
4470
78.0
8023
78.0
259
77.0
4870
76.0
6442
76.0
953
75.0
687
75.0
2609
75.0
931
72.0
4888
71.0
4076
71.0
7723
70.0
5794
69.0
5798
69.0
2196
69.0
3443
68.0
5329
67.0
4865
65.0
903
65.0
3730
64.0
400
63.0
315
63.0
2302
62.0
2456
62.0
4427
62.0
4008
61.0
114
61.0
1464
60.0
7875
60.0
3561
59.0
5762
59.0
8296
59.0
1892
59.0
3131
58.0
5072
58.0
9
57.0
6801
57.0
4278
57.0
3300
56.0
1681
56.0
3788
55.0
6992
55.0
5355
55.0
229
55.0
266
55.0
176
55.0
7041
55.0
1356
54.0
7969
54.0
4365
53.0
4538
52.0
6612
52.0
6100
52.0
4946
52.0
1013
50.0
7660
50.0
5003
50.0
7790
50.0
386
50.0
2928
50.0
6193
50.0
8059
50.0
2872
50.0
1375
49.0
3387
49.0
4013
49.0
8398
48.0
8152
48.0
4733
47.0
720
47.0
7472
47.0
1364
46.0
2130
46.0
4485
46.0
6699
46.0
8184
46.0
2638
46.0
954
45.0
2134
45.0
2173
45.0
5679
45.0
7699
45.0
7001
45.0
8096
44.0
1198
44.0
5393
44.0
364
44.0
780
43.0
365
43.0
8419
43.0
7587
43.0
384
43.0
3548
42.0
4647
42.0
5564
42.0
7525
42.0
6695
42.0
6236
42.0
6370
42.0
1915
42.0
1934
42.0
8119
42.0
2367
41.0
999
41.0
785
41.0
5297
41.0
288
41.0
1624
41.0
4909
41.0
4980
40.0
2570
40.0
2396
40.0
8424
40.0
7225
40.0
7000
40.0
8025
40.0
4920
40.0
3961
40.0
3620
40.0
1268
39.0
5989
39.0
4123
39.0
5279
39.0
2940
39.0
3819
39.0
8077
39.0
4722
38.0
4782
38.0
7753
38.0
7517
38.0
5077
38.0
1377
37.0
6826
37.0
859
37.0
4308
37.0
7946
37.0
6223
37.0
1938
37.0
1730
37.0
2831
37.0
8045
37.0
1570
37.0
6925
36.0
2342
36.0
305
36.0
5485
36.0
813
35.0
3200
35.0
2231
35.0
5737
35.0
7831
35.0
1049
35.0
5647
35.0
6635
35.0
3028
35.0
4399
35.0
1600
35.0
2862
35.0
2660
35.0
981
34.0
3166
34.0
7539
34.0
101
34.0
7333
34.0
8150
34.0
3706
34.0
3547
33.0
5462
33.0
569
33.0
4804
33.0
1337
32.0
822
32.0
6736
32.0
5534
32.0
531
32.0
7896
32.0
3181
32.0
5363
32.0
2093
32.0
6580
32.0
7560
32.0
161
32.0
7052
32.0
3921
32.0
3328
31.0
594
31.0
3904
31.0
1652
31.0
1459
30.0
2
30.0
4975
30.0
2100
30.0
4792
30.0
2006
30.0
2380
30.0
2257
30.0
6748
30.0
4102
30.0
5548
30.0
4241
30.0
7685
30.0
7486
30.0
5191
30.0
1830
30.0
2935
30.0
2521
30.0
2333
29.0
4874
29.0
703
29.0
3002
29.0
6538
29.0
7410
29.0
6570
29.0
6456
29.0
4194
29.0
3607
29.0
6995
28.0
4482
28.0
336
28.0
7467
28.0
7493
28.0
1445
28.0
5819
27.0
4962
27.0
916
27.0
4610
27.0
5825
27.0
2471
27.0
3332
27.0
3461
27.0
5886
27.0
7844
27.0
1084
27.0
6661
27.0
4599
27.0
2077
27.0
5477
27.0
5362
27.0
8311
27.0
6163
27.0
7492
27.0
1613
27.0
8047
27.0
1778
27.0
4831
27.0
5930
26.0
2440
26.0
5617
26.0
2168
26.0
4108
26.0
7300
26.0
7279
26.0
8015
26.0
6073
26.0
2956
26.0
2530
26.0
2792
25.0
2562
25.0
4627
25.0
2586
25.0
5986
25.0
4790
25.0
970
25.0
4682
25.0
4441
25.0
4457
25.0
3256
25.0
7510
25.0
7993
25.0
5114
25.0
5496
25.0
260
25.0
8318
25.0
6278
25.0
277
25.0
1942
25.0
8117
25.0
8255
25.0
3814
25.0
4905
25.0
900
25.0
8094
24.0
5932
24.0
3684
24.0
1383
24.0
3574
24.0
6956
24.0
6959
24.0
6968
24.0
4699
24.0
7854
24.0
5112
24.0
6350
24.0
7443
24.0
6299
24.0
6192
24.0
7055
24.0
8151
24.0
1752
24.0
910
23.0
3287
23.0
3282
23.0
4388
23.0
7118
23.0
1771
23.0
5813
22.0
1
22.0
1346
22.0
6918
22.0
3414
22.0
4772
22.0
1018
22.0
609
22.0
2378
22.0
1061
22.0
5787
22.0
1088
22.0
3140
22.0
3260
22.0
1079
22.0
5203
22.0
2074
22.0
3073
22.0
234
22.0
7276
22.0
1990
22.0
7067
22.0
2729
22.0
8282
22.0
7099
22.0
7913
21.0
3467
21.0
4227
21.0
7644
21.0
7572
21.0
7253
21.0
2601
21.0
8097
20.0
3874
20.0
3407
20.0
1480
20.0
1599
20.0
3898
20.0
5958
20.0
1491
20.0
5966
20.0
5980
20.0
2104
20.0
6850
20.0
3342
20.0
616
20.0
5410
20.0
1053
20.0
1293
20.0
6858
20.0
7721
20.0
4596
20.0
788
20.0
4358
20.0
4132
20.0
2076
20.0
446
20.0
5360
20.0
4297
20.0
8442
20.0
6268
20.0
5059
20.0
6279
20.0
6168
20.0
1706
20.0
1722
20.0
6075
20.0
8010
20.0
1735
20.0
2834
20.0
7066
20.0
8162
20.0
3946
20.0
1665
20.0
2891
20.0
5918
20.0
