5833
10427.0
129
7838.0
5431
3289.0
8248
3217.0
456
3153.0
229
2779.0
4168
2546.0
276
2505.0
3730
2478.0
999
2273.0
605
2221.0
4722
2190.0
1464
2070.0
3132
2032.0
4870
1965.0
2831
1906.0
7187
1841.0
931
1806.0
6931
1784.0
6573
1754.0
6338
1735.0
2108
1717.0
4709
1703.0
7517
1677.0
852
1638.0
1382
1608.0
8023
1589.0
266
1554.0
1078
1549.0
6442
1549.0
687
1527.0
7988
1509.0
6116
1500.0
8099
1467.0
8096
1454.0
6189
1383.0
2665
1355.0
5177
1293.0
8094
1251.0
8293
1211.0
6748
1210.0
2928
1178.0
649
1152.0
6370
1085.0
3943
1085.0
5324
1073.0
3222
1065.0
288
1063.0
5329
998.0
7425
980.0
6168
973.0
8119
961.0
7644
953.0
259
948.0
6192
947.0
720
940.0
1722
940.0
4227
937.0
7225
934.0
2130
931.0
1375
923.0
6612
883.0
5798
877.0
6715
875.0
3200
854.0
5947
848.0
4637
843.0
5930
842.0
4470
842.0
176
839.0
4962
826.0
384
823.0
8286
821.0
4399
819.0
1198
816.0
2302
808.0
5292
787.0
1458
773.0
7392
765.0
3181
759.0
2765
759.0
7080
754.0
4008
748.0
381
736.0
4733
734.0
3561
731.0
5392
730.0
6236
719.0
4427
712.0
1084
701.0
5393
690.0
4831
686.0
5072
683.0
8151
682.0
589
682.0
5762
681.0
3287
672.0
4682
642.0
4093
635.0
3131
633.0
1260
632.0
5966
625.0
9
622.0
5832
615.0
6564
612.0
4909
611.0
2952
608.0
7052
608.0
4538
607.0
2033
605.0
4874
604.0
2168
601.0
4850
599.0
3300
598.0
3788
592.0
2940
590.0
8380
587.0
666
584.0
7699
581.0
6635
579.0
7181
571.0
3684
565.0
5297
562.0
2367
554.0
7144
554.0
3387
549.0
7587
544.0
1892
542.0
6073
541.0
7875
537.0
2456
535.0
5548
530.0
2067
529.0
4792
528.0
5737
528.0
7399
526.0
8442
526.0
8419
524.0
1209
521.0
365
520.0
6947
519.0
7896
518.0
2933
514.0
3839
506.0
4905
505.0
101
502.0
4108
500.0
8392
498.0
6095
491.0
2173
484.0
8242
483.0
8046
483.0
953
482.0
2343
481.0
6233
481.0
5534
479.0
4025
478.0
2498
476.0
7041
475.0
171
473.0
315
464.0
400
464.0
1459
461.0
5951
458.0
8274
455.0
1681
453.0
7510
453.0
217
449.0
5003
446.0
7055
441.0
4441
439.0
2638
435.0
161
433.0
7790
432.0
692
429.0
4782
429.0
7660
427.0
6966
425.0
7918
423.0
1013
420.0
3574
420.0
5868
417.0
3567
407.0
377
406.0
2341
405.0
2395
405.0
5794
403.0
2373
402.0
6200
400.0
4865
396.0
4102
392.0
1990
391.0
2766
389.0
8097
387.0
3443
386.0
3892
383.0
5355
383.0
2600
382.0
2076
379.0
1364
377.0
6580
374.0
3759
372.0
5107
372.0
5245
372.0
7073
371.0
3572
369.0
1
366.0
3002
366.0
3620
365.0
7227
364.0
4714
362.0
822
360.0
2380
356.0
4180
356.0
3706
353.0
772
350.0
28
343.0
2134
342.0
6826
340.0
2190
340.0
2609
339.0
8398
338.0
7801
336.0
3884
334.0
7122
334.0
8152
332.0
2027
332.0
487
331.0
3166
331.0
8162
330.0
2006
328.0
5077
326.0
5787
326.0
7375
324.0
5886
323.0
1570
323.0
8357
323.0
6311
322.0
5112
322.0
7157
320.0
4889
319.0
5864
318.0
364
318.0
2347
316.0
2935
315.0
6661
315.0
5360
312.0
8316
310.0
7493
309.0
814
308.0
6736
307.0
7753
306.0
7854
306.0
8379
306.0
4124
303.0
6586
303.0
5477
302.0
3741
302.0
1049
301.0
7292
301.0
4482
300.0
8281
298.0
2296
298.0
1011
297.0
1706
296.0
4365
295.0
4946
295.0
7799
294.0
4132
293.0
4322
293.0
4343
292.0
4673
291.0
3424
291.0
3904
291.0
4610
290.0
8179
289.0
6279
287.0
2542
286.0
3662
285.0
5317
285.0
780
284.0
8397
284.0
7993
282.0
6858
281.0
2965
281.0
1509
279.0
5932
279.0
3377
279.0
677
278.0
2640
277.0
4278
276.0
7156
276.0
6995
275.0
609
274.0
4121
273.0
3607
272.0
8182
271.0
2385
270.0
2034
270.0
5462
269.0
1337
269.0
1416
269.0
3414
266.0
402
266.0
7018
266.0
6448
265.0
8025
265.0
2862
264.0
348
262.0
4308
261.0
169
261.0
5050
260.0
3961
260.0
6801
259.0
4634
259.0
793
259.0
7000
258.0
3128
258.0
7933
257.0
1920
256.0
3352
256.0
109
256.0
6193
255.0
6100
254.0
5819
253.0
5918
253.0
3332
253.0
3819
253.0
290
251.0
2324
249.0
7913
249.0
3282
248.0
4623
248.0
785
248.0
6524
248.0
5094
246.0
5220
245.0
3044
245.0
6651
245.0
3633
244.0
2571
244.0
2440
242.0
4915
242.0
8367
241.0
2272
240.0
6779
239.0
2257
239.0
569
239.0
336
238.0
6477
238.0
6226
238.0
6424
237.0
2203
237.0
2333
236.0
4558
236.0
1611
235.0
2227
235.0
4978
234.0
1960
234.0
2948
234.0
7955
234.0
6201
234.0
3754
233.0
7443
233.0
7816
232.0
6134
231.0
7687
230.0
7784
230.0
93
230.0
5580
228.0
6925
228.0
7617
226.0
8150
226.0
7066
225.0
182
225.0
3824
222.0
2161
222.0
5202
222.0
7916
222.0
3814
221.0
1161
220.0
2729
219.0
8077
219.0
2396
218.0
594
218.0
7600
217.0
5926
217.0
5989
217.0
305
217.0
7146
217.0
1047
216.0
1554
216.0
8416
216.0
8059
216.0
5768
215.0
1899
215.0
5564
214.0
3571
214.0
3119
214.0
2992
213.0
1798
212.0
4854
212.0
630
211.0
1515
211.0
7966
211.0
1881
211.0
2800
210.0
703
209.0
4076
209.0
6735
208.0
5980
208.0
1622
208.0
941
207.0
1985
206.0
6875
206.0
442
205.0
1880
205.0
3082
203.0
4114
202.0
7333
202.0
1969
201.0
7572
201.0
7101
201.0
1154
200.0
5114
200.0
1930
199.0
1675
199.0
1771
199.0
2471
197.0
5647
197.0
7811
196.0
3921
196.0
562
196.0
4692
195.0
4266
195.0
6456
195.0
2093
195.0
2074
194.0
1243
194.0
996
194.0
6446
193.0
947
193.0
1962
192.0
7541
192.0
6538
191.0
5289
191.0
4530
190.0
6479
190.0
6992
190.0
859
189.0
1371
188.0
4776
187.0
3490
187.0
2878
186.0
8296
186.0
7408
186.0
7560
185.0
1830
184.0
2466
183.0
5145
183.0
5624
183.0
4980
182.0
7331
182.0
2920
182.0
805
182.0
1267
182.0
1445
182.0
7237
180.0
2552
180.0
3407
180.0
5617
180.0
1763
180.0
911
180.0
7151
180.0
1044
179.0
246
179.0
6450
179.0
2100
179.0
3011
179.0
1383
179.0
37
178.0
4485
178.0
5958
177.0
7410
176.0
8354
176.0
5898
175.0
374
175.0
4724
175.0
7470
175.0
1313
175.0
2681
175.0
6278
175.0
3702
174.0
3328
174.0
1338
174.0
3898
173.0
4344
173.0
1327
173.0
2712
173.0
1475
172.0
