4709
8842.0
5833
8250.0
2831
4546.0
276
4298.0
2130
4224.0
6338
3577.0
1198
3300.0
3561
3008.0
4132
2930.0
687
2927.0
6370
2908.0
8119
2879.0
8442
2815.0
129
2731.0
4227
2541.0
8248
2414.0
3200
2320.0
4962
2311.0
649
2242.0
2343
2228.0
605
2194.0
2952
2130.0
5329
2057.0
5355
2009.0
4623
1971.0
3788
1930.0
4087
1919.0
4870
1881.0
3387
1779.0
4714
1767.0
4168
1676.0
852
1657.0
3567
1637.0
2600
1598.0
6236
1553.0
2067
1548.0
4365
1532.0
569
1530.0
5947
1451.0
6661
1420.0
7055
1416.0
6573
1353.0
8379
1345.0
2108
1332.0
4905
1329.0
5297
1307.0
3824
1299.0
5431
1298.0
1011
1280.0
6748
1280.0
2891
1259.0
182
1242.0
6278
1236.0
1209
1230.0
2933
1228.0
6116
1194.0
1622
1187.0
7916
1187.0
7187
1171.0
6075
1135.0
8367
1134.0
371
1123.0
3011
1096.0
8242
1095.0
7410
1093.0
8099
1052.0
6189
1046.0
5050
1045.0
176
1040.0
2027
1034.0
2324
1029.0
8293
992.0
5794
967.0
6736
956.0
2135
947.0
720
940.0
456
935.0
4776
923.0
3132
920.0
1382
912.0
3706
880.0
1980
878.0
169
876.0
8162
872.0
814
872.0
2296
861.0
8050
860.0
2395
846.0
4244
843.0
3128
840.0
931
835.0
3140
825.0
5966
810.0
4831
806.0
1
803.0
1337
799.0
1044
795.0
6311
793.0
4441
791.0
4475
788.0
7918
786.0
365
784.0
7510
783.0
2203
771.0
8059
769.0
3730
761.0
4724
757.0
7080
754.0
7687
752.0
4470
752.0
6464
750.0
162
746.0
4733
741.0
9
737.0
4889
736.0
7470
735.0
1267
734.0
7816
733.0
7227
728.0
952
721.0
7875
717.0
2367
716.0
2168
682.0
4457
681.0
630
676.0
384
676.0
374
674.0
4180
672.0
4682
671.0
1708
671.0
594
666.0
2347
663.0
8096
642.0
3002
642.0
6446
636.0
400
629.0
266
627.0
5508
624.0
780
623.0
6190
622.0
7541
620.0
4108
610.0
2032
607.0
2665
607.0
5145
604.0
6279
598.0
1803
597.0
7966
596.0
609
594.0
6612
581.0
3690
580.0
229
580.0
3839
576.0
8023
574.0
3342
573.0
6779
567.0
932
563.0
1078
554.0
4295
550.0
8094
542.0
6515
541.0
1960
540.0
7493
540.0
5292
539.0
1498
538.0
54
537.0
2792
536.0
5932
532.0
4482
532.0
6931
530.0
4792
528.0
7018
528.0
3166
520.0
8046
520.0
5422
514.0
785
514.0
6020
513.0
2692
513.0
170
512.0
1946
510.0
5624
508.0
3257
500.0
677
500.0
2788
496.0
2101
494.0
1692
490.0
4722
489.0
3904
486.0
6389
484.0
6094
484.0
1668
484.0
2920
480.0
7988
478.0
217
475.0
5830
469.0
2471
468.0
6803
466.0
4399
463.0
234
458.0
142
457.0
2928
456.0
7144
456.0
101
455.0
3819
454.0
5094
451.0
3222
450.0
4008
450.0
7115
450.0
954
449.0
1576
448.0
1735
443.0
7790
442.0
2965
441.0
5324
439.0
6701
438.0
8152
436.0
5737
433.0
6368
430.0
7658
429.0
381
429.0
1445
429.0
805
427.0
3157
427.0
386
426.0
7936
424.0
679
423.0
1570
421.0
2571
421.0
1491
420.0
4318
419.0
5316
419.0
8416
419.0
2257
416.0
4494
412.0
7539
406.0
2033
405.0
6192
405.0
7299
404.0
1088
403.0
6373
398.0
686
393.0
4388
393.0
2470
391.0
5289
389.0
7977
386.0
4096
385.0
2302
384.0
328
384.0
4909
382.0
5267
381.0
1464
380.0
2901
380.0
5202
380.0
3407
377.0
4076
377.0
28
374.0
4187
372.0
4895
372.0
1416
371.0
8179
370.0
5832
369.0
7151
369.0
2947
368.0
1260
368.0
1018
367.0
375
367.0
7930
367.0
6826
366.0
3683
365.0
7041
365.0
4530
363.0
1307
360.0
3066
358.0
2341
355.0
2529
354.0
1754
354.0
2905
351.0
8274
350.0
8449
349.0
1930
348.0
2400
348.0
1624
348.0
4535
347.0
4850
347.0
2464
346.0
7721
346.0
93
345.0
998
342.0
3456
339.0
6168
338.0
3539
337.0
6932
336.0
417
336.0
3787
335.0
4692
335.0
5564
334.0
6699
334.0
2889
331.0
3434
331.0
1375
331.0
5617
330.0
3759
328.0
2614
328.0
562
327.0
288
325.0
1458
324.0
6470
321.0
2559
321.0
7921
319.0
222
317.0
110
317.0
6193
316.0
6060
313.0
3921
313.0
7562
313.0
6499
311.0
116
311.0
953
310.0
3287
309.0
1466
308.0
5930
307.0
869
307.0
7056
306.0
8392
306.0
4789
304.0
3054
303.0
3881
301.0
3684
300.0
868
300.0
2423
299.0
7260
298.0
1972
296.0
1885
296.0
5819
294.0
2444
294.0
6450
293.0
2373
292.0
3427
292.0
8032
292.0
7086
290.0
6905
289.0
7663
288.0
2190
288.0
8087
287.0
208
286.0
7699
286.0
7876
285.0
5490
284.0
296
284.0
5363
284.0
2240
283.0
6324
282.0
4719
282.0
7513
282.0
2134
281.0
2765
281.0
2385
280.0
35
280.0
4740
280.0
817
278.0
6850
277.0
7801
277.0
1693
275.0
3393
274.0
4946
273.0
7831
272.0
3443
271.0
4980
270.0
5886
270.0
7399
270.0
1681
270.0
6524
270.0
4444
270.0
697
268.0
7438
268.0
6270
268.0
6796
265.0
7010
265.0
1377
264.0
7946
264.0
2709
264.0
3607
264.0
7225
263.0
7537
263.0
1771
262.0
3272
261.0
3505
261.0
2407
260.0
4782
260.0
442
260.0
1558
258.0
6858
258.0
5621
258.0
3029
258.0
8306
255.0
3943
255.0
2417
254.0
5393
254.0
2664
253.0
466
252.0
2034
251.0
999
251.0
4586
250.0
1722
250.0
5485
249.0
418
249.0
939
249.0
4921
249.0
5473
248.0
5003
248.0
8117
247.0
114
247.0
5609
246.0
3461
246.0
2853
245.0
2935
245.0
6801
244.0
5994
244.0
3808
244.0
7582
244.0
7397
241.0
7392
241.0
489
241.0
5177
240.0
5229
240.0
1306
240.0
1853
240.0
3061
239.0
8429
239.0
1501
238.0
4366
238.0
5373
238.0
7261
236.0
1706
236.0
3978
235.0
3564
235.0
5792
235.0
2
234.0
616
234.0
4126
234.0
109
234.0
5072
232.0
5534
232.0
4578
231.0
5791
231.0
8045
231.0
1730
229.0
6372
228.0
6077
228.0
8015
228.0
4273
227.0
7955
227.0
1103
226.0
6007
226.0
8376
226.0
7211
225.0
4312
223.0
2364
222.0
7907
222.0
1414
222.0
1892
222.0
4324
221.0
2231
221.0
4228
220.0
8269
219.0
1383
218.0
6714
217.0
472
217.0
259
216.0
7184
216.0
1515
215.0
171
215.0
1459
214.0
4186
214.0
3548
214.0
1830
214.0
4510
213.0
7349
213.0
3767
212.0
4628
212.0
2552
212.0
5669
212.0
589
212.0
5961
211.0
1161
211.0
4041
211.0
2783
210.0
8286
210.0
2241
210.0
6392
207.0
5714
207.0
7142
207.0
4838
206.0
3837
205.0
6925
205.0
1268
205.0
6354
204.0
4308
204.0
2425
203.0
2940
203.0
