1196
64108.0
1131
39014.0
466
36593.0
530
35574.0
1604
34259.0
887
31486.0
1239
29677.0
642
28384.0
1287
27648.0
575
27184.0
944
27098.0
1085
26932.0
1206
24167.0
1513
22060.0
892
20072.0
181
19936.0
331
19809.0
1377
16729.0
378
15575.0
1555
15340.0
890
14769.0
1390
14651.0
671
14497.0
502
13970.0
359
13804.0
677
13302.0
72
12915.0
798
11259.0
1266
11102.0
62
10707.0
1263
10593.0
1278
10501.0
862
10176.0
408
10013.0
1123
9669.0
282
8200.0
1202
8002.0
958
7893.0
1269
7789.0
761
7762.0
980
7681.0
838
7606.0
818
7558.0
229
7520.0
174
7477.0
443
7475.0
1207
7002.0
743
6778.0
1417
6752.0
954
6449.0
1087
6370.0
1102
6369.0
1122
6239.0
829
5925.0
604
5539.0
17
5248.0
680
5114.0
648
5052.0
1424
4630.0
729
4255.0
889
4096.0
1556
4054.0
1281
4043.0
952
4002.0
1463
3965.0
543
3903.0
1112
3775.0
470
3756.0
1211
3724.0
1199
3664.0
1480
3380.0
938
3373.0
1357
3241.0
152
3230.0
931
3187.0
1652
3144.0
1499
3121.0
670
3120.0
513
3111.0
639
3069.0
1593
3031.0
134
2903.0
506
2826.0
1391
2802.0
1210
2779.0
1354
2715.0
712
2696.0
1079
2618.0
1167
2603.0
698
2554.0
82
2552.0
423
2542.0
521
2496.0
1624
2490.0
288
2462.0
1256
2455.0
1557
2394.0
795
2331.0
992
2314.0
1547
2307.0
1458
2235.0
418
2226.0
578
2211.0
701
2199.0
340
2189.0
765
2173.0
307
2140.0
1402
2137.0
187
2130.0
826
2129.0
920
2112.0
673
2106.0
75
2087.0
1369
2085.0
861
2069.0
1401
2046.0
1409
2019.0
1366
1997.0
1494
1955.0
358
1942.0
1172
1931.0
159
1851.0
440
1826.0
217
1774.0
1606
1768.0
1179
1733.0
737
1715.0
711
1700.0
1435
1698.0
1355
1668.0
1104
1663.0
137
1660.0
338
1640.0
433
1634.0
939
1604.0
96
1586.0
333
1557.0
1622
1536.0
1661
1522.0
626
1520.0
1317
1504.0
484
1491.0
1351
1488.0
978
1469.0
280
1463.0
328
1462.0
302
1460.0
456
1427.0
111
1356.0
285
1345.0
713
1330.0
146
1330.0
369
1309.0
1031
1287.0
786
1267.0
1525
1262.0
997
1257.0
1382
1229.0
1255
1229.0
26
1161.0
1493
1154.0
215
1141.0
1176
1137.0
1007
1129.0
274
1118.0
296
1097.0
63
1080.0
1163
1058.0
984
1046.0
1434
1027.0
1616
1019.0
1570
1015.0
1323
1013.0
1528
1006.0
339
1001.0
278
1001.0
356
967.0
1116
957.0
788
941.0
314
936.0
888
932.0
1280
924.0
1635
906.0
1124
896.0
381
894.0
1658
891.0
360
890.0
1273
888.0
84
875.0
594
867.0
874
861.0
598
854.0
1127
848.0
904
832.0
941
818.0
514
811.0
1396
800.0
682
787.0
745
785.0
207
777.0
734
775.0
457
767.0
730
764.0
1171
752.0
362
739.0
103
735.0
395
729.0
1296
721.0
97
720.0
857
713.0
392
711.0
1511
706.0
1592
704.0
733
702.0
150
699.0
1634
697.0
1130
695.0
231
690.0
379
690.0
1517
686.0
630
683.0
1400
683.0
406
681.0
311
676.0
37
673.0
1425
672.0
738
670.0
1551
649.0
1485
644.0
1144
644.0
695
643.0
640
636.0
1090
632.0
1394
621.0
1038
619.0
942
603.0
1529
601.0
39
590.0
140
589.0
327
586.0
194
585.0
393
572.0
612
569.0
1231
568.0
1650
567.0
1471
566.0
636
562.0
1574
557.0
1086
556.0
726
551.0
424
551.0
811
550.0
537
548.0
1050
539.0
848
535.0
609
535.0
660
532.0
1057
511.0
1193
505.0
1422
505.0
561
493.0
854
491.0
787
491.0
1613
491.0
153
485.0
605
484.0
1000
477.0
689
472.0
1028
471.0
986
468.0
1233
463.0
1544
453.0
161
451.0
898
444.0
901
439.0
1092
430.0
1503
428.0
596
422.0
1279
420.0
837
413.0
125
411.0
1441
411.0
1637
407.0
1219
403.0
106
402.0
1153
396.0
258
395.0
1617
395.0
878
394.0
251
394.0
1524
388.0
968
385.0
300
382.0
43
381.0
940
379.0
116
377.0
715
376.0
1590
375.0
195
374.0
1115
370.0
