1196
7101.0
466
3404.0
1239
3079.0
642
3037.0
530
2839.0
887
2582.0
1604
2553.0
1206
2487.0
1131
2099.0
181
2079.0
1085
1984.0
944
1819.0
331
1567.0
1377
1533.0
1263
1509.0
575
1480.0
890
1462.0
1287
1448.0
1555
1423.0
378
1402.0
72
1367.0
892
1258.0
671
1251.0
1513
1145.0
677
1092.0
502
1021.0
443
1021.0
1390
954.0
229
907.0
359
856.0
889
745.0
408
744.0
1123
738.0
1278
729.0
174
708.0
798
708.0
1266
618.0
829
603.0
954
602.0
62
576.0
1102
563.0
761
551.0
17
537.0
1424
532.0
1207
491.0
282
478.0
743
475.0
1417
471.0
938
459.0
1202
454.0
980
446.0
838
436.0
1122
415.0
958
380.0
818
377.0
604
371.0
1087
369.0
1211
361.0
1354
356.0
680
339.0
1112
329.0
513
313.0
639
306.0
1556
280.0
1357
275.0
952
275.0
1624
275.0
931
271.0
1281
271.0
543
262.0
698
261.0
1210
257.0
1256
242.0
1652
236.0
1409
228.0
1269
226.0
1179
215.0
307
213.0
1369
205.0
920
200.0
711
198.0
712
197.0
826
195.0
152
194.0
1593
189.0
978
189.0
862
187.0
1547
179.0
1280
172.0
1480
169.0
729
168.0
673
161.0
82
158.0
1199
156.0
1401
155.0
1355
153.0
1499
148.0
333
144.0
648
143.0
765
141.0
1458
136.0
1557
135.0
423
133.0
96
131.0
134
129.0
1167
129.0
939
126.0
701
124.0
159
124.0
713
124.0
75
120.0
670
120.0
187
119.0
1366
117.0
288
117.0
733
117.0
280
116.0
1650
112.0
1463
111.0
1330
111.0
578
110.0
63
109.0
302
109.0
1661
108.0
795
107.0
26
106.0
381
104.0
217
104.0
1296
103.0
1104
101.0
1031
101.0
1050
101.0
215
101.0
1351
100.0
1391
97.0
1079
97.0
146
94.0
1396
94.0
433
94.0
470
93.0
103
91.0
1525
89.0
1657
89.0
745
88.0
1494
85.0
640
85.0
97
84.0
1511
84.0
328
84.0
737
82.0
1086
82.0
788
82.0
997
80.0
888
80.0
1382
79.0
741
79.0
626
77.0
786
77.0
1658
76.0
594
75.0
137
75.0
1606
75.0
506
74.0
904
74.0
1402
73.0
1616
72.0
1517
72.0
1124
70.0
660
70.0
1116
69.0
861
69.0
514
68.0
418
68.0
314
68.0
942
66.0
456
66.0
1323
65.0
940
64.0
1485
64.0
278
64.0
1590
63.0
111
62.0
1176
60.0
636
60.0
1634
60.0
440
60.0
811
58.0
1030
58.0
1279
58.0
338
58.0
379
57.0
853
57.0
857
57.0
1153
56.0
682
56.0
251
55.0
1622
55.0
484
53.0
1528
53.0
285
52.0
984
52.0
1304
52.0
1127
51.0
609
51.0
1302
51.0
1144
50.0
1171
50.0
695
50.0
874
49.0
1617
48.0
457
48.0
537
47.0
1574
46.0
1453
46.0
730
46.0
1190
46.0
1435
46.0
358
45.0
601
45.0
1400
45.0
340
45.0
274
44.0
1024
44.0
1544
44.0
1255
43.0
848
43.0
1610
43.0
1529
43.0
893
42.0
327
42.0
392
40.0
1172
40.0
318
40.0
1033
39.0
1493
38.0
734
38.0
521
38.0
1551
38.0
395
37.0
854
37.0
406
37.0
1090
37.0
362
36.0
296
36.0
253
35.0
959
35.0
992
35.0
414
35.0
785
35.0
106
35.0
612
33.0
207
33.0
598
32.0
264
32.0
1434
32.0
125
31.0
1498
31.0
84
31.0
1441
31.0
1000
30.0
150
30.0
1514
30.0
787
30.0
555
30.0
577
30.0
31
29.0
1028
29.0
541
28.0
393
27.0
321
27.0
1422
27.0
1273
26.0
1265
26.0
715
25.0
1394
25.0
1613
25.0
630
25.0
878
25.0
898
25.0
1637
25.0
1092
25.0
560
25.0
339
25.0
1570
25.0
1007
24.0
603
24.0
645
24.0
1303
24.0
231
23.0
1600
23.0
1080
23.0
689
23.0
455
23.0
116
22.0
933
22.0
34
22.0
837
22.0
567
22.0
214
22.0
1317
22.0
