331
8795.0
1555
7694.0
671
7453.0
1278
5637.0
408
5454.0
677
5454.0
1604
5235.0
887
4581.0
466
4393.0
82
3902.0
944
3688.0
743
3480.0
604
3273.0
829
3214.0
1417
2925.0
980
2862.0
1207
2552.0
187
2458.0
1131
2252.0
575
2168.0
1202
2139.0
1196
2091.0
433
1849.0
1085
1797.0
1593
1783.0
1239
1769.0
1513
1761.0
642
1760.0
1211
1741.0
818
1591.0
838
1587.0
1391
1536.0
1463
1423.0
1382
1294.0
648
1293.0
1287
1283.0
1458
1256.0
1123
1247.0
530
1237.0
1499
1190.0
146
1132.0
892
1055.0
1102
1040.0
181
961.0
1031
941.0
159
939.0
861
936.0
443
933.0
1661
932.0
1087
913.0
1355
903.0
215
896.0
798
891.0
1480
886.0
1616
814.0
904
793.0
958
787.0
1206
773.0
1104
728.0
630
699.0
938
636.0
280
630.0
890
622.0
673
620.0
258
614.0
1390
589.0
1263
577.0
1377
575.0
359
554.0
729
531.0
502
531.0
680
525.0
72
524.0
282
521.0
378
494.0
1402
478.0
626
472.0
111
452.0
761
442.0
513
428.0
229
423.0
1266
419.0
920
415.0
594
412.0
314
412.0
1424
393.0
174
392.0
1485
370.0
296
369.0
1122
362.0
711
362.0
543
330.0
788
313.0
470
304.0
548
304.0
1000
292.0
1624
288.0
639
274.0
1459
264.0
889
263.0
1179
262.0
17
245.0
862
244.0
1409
241.0
952
240.0
826
238.0
96
223.0
577
210.0
1082
208.0
1153
200.0
302
194.0
1129
189.0
339
180.0
954
176.0
1269
176.0
1090
174.0
779
173.0
1112
166.0
1369
166.0
62
163.0
713
162.0
1199
160.0
924
152.0
712
150.0
1273
146.0
327
146.0
363
141.0
245
141.0
278
140.0
423
138.0
1401
136.0
560
134.0
939
133.0
1652
133.0
1357
131.0
1366
131.0
1210
129.0
1658
129.0
1144
126.0
774
126.0
1092
126.0
514
125.0
200
124.0
940
123.0
134
122.0
581
119.0
300
118.0
1574
117.0
1396
116.0
1167
115.0
1354
114.0
601
114.0
1538
114.0
744
110.0
456
109.0
1256
107.0
1525
107.0
75
106.0
221
106.0
701
100.0
333
100.0
737
94.0
682
94.0
1547
94.0
358
93.0
244
90.0
893
89.0
130
88.0
795
88.0
670
87.0
640
86.0
786
86.0
26
85.0
931
85.0
348
85.0
507
83.0
1176
82.0
1057
82.0
715
80.0
414
80.0
1529
80.0
1557
77.0
95
76.0
484
74.0
418
72.0
609
71.0
1172
70.0
992
70.0
338
70.0
440
69.0
1281
68.0
984
68.0
578
68.0
942
67.0
1517
67.0
307
67.0
288
66.0
521
66.0
831
65.0
970
65.0
1556
65.0
698
65.0
825
64.0
854
64.0
217
64.0
734
63.0
580
63.0
1494
62.0
730
62.0
1657
62.0
687
62.0
1079
61.0
837
60.0
1617
60.0
1540
60.0
811
58.0
251
57.0
660
57.0
611
56.0
392
55.0
152
55.0
619
54.0
555
54.0
381
53.0
1634
53.0
1528
53.0
1249
52.0
878
52.0
445
52.0
1255
49.0
857
49.0
644
49.0
63
48.0
1606
48.0
1644
48.0
1124
47.0
1511
46.0
1650
46.0
1434
46.0
103
45.0
1214
44.0
182
44.0
379
41.0
933
41.0
1635
41.0
1319
41.0
34
40.0
765
40.0
1639
40.0
848
39.0
193
39.0
1298
39.0
1415
39.0
365
38.0
603
38.0
1622
38.0
1466
37.0
1007
37.0
1394
37.0
205
37.0
1435
37.0
1551
37.0
589
37.0
125
36.0
1344
36.0
695
36.0
926
35.0
150
35.0
395
35.0
1086
35.0
898
35.0
137
34.0
726
34.0
978
34.0
1317
34.0
231
32.0
360
32.0
1050
32.0
1626
32.0
417
32.0
1403
32.0
426
32.0
1323
32.0
106
32.0
195
31.0
874
31.0
516
31.0
675
31.0
275
30.0
1038
30.0
510
30.0
668
30.0
269
29.0
506
29.0
1490
27.0
430
27.0
1655
27.0
1441
27.0
35
26.0
39
26.0
