1196
23975.0
954
16647.0
1239
13920.0
530
13507.0
466
13148.0
887
12095.0
62
12014.0
642
11896.0
1604
11648.0
944
11330.0
1131
11322.0
1206
10295.0
1266
9116.0
1652
9093.0
1354
8995.0
181
8610.0
1085
8201.0
331
7807.0
378
7410.0
1287
6782.0
890
6447.0
575
6344.0
892
6178.0
1513
6143.0
72
5903.0
307
5681.0
671
5514.0
502
5497.0
698
5355.0
1377
5343.0
1263
4990.0
1555
4876.0
677
4793.0
152
4756.0
1390
4610.0
670
4462.0
1557
4140.0
1547
4110.0
408
3897.0
359
3684.0
798
3369.0
1281
3325.0
978
3254.0
1278
3252.0
1123
3131.0
761
3120.0
174
3011.0
1424
3010.0
229
2941.0
1202
2899.0
443
2828.0
889
2588.0
1417
2551.0
829
2484.0
958
2377.0
980
2318.0
1207
2318.0
1269
2310.0
1351
2295.0
743
2266.0
838
2220.0
282
2132.0
818
2087.0
97
1986.0
1102
1943.0
1167
1915.0
17
1894.0
639
1862.0
862
1848.0
338
1831.0
457
1808.0
1122
1764.0
680
1722.0
1211
1659.0
874
1653.0
1296
1588.0
604
1572.0
1087
1531.0
1256
1475.0
340
1422.0
1112
1409.0
1556
1400.0
938
1387.0
1179
1380.0
931
1375.0
952
1345.0
543
1329.0
418
1316.0
786
1310.0
712
1284.0
1323
1271.0
513
1262.0
1357
1244.0
1028
1187.0
648
1139.0
1369
1119.0
161
1114.0
1210
1111.0
1624
1091.0
285
1082.0
1409
1078.0
578
1043.0
1394
1030.0
1199
997.0
288
951.0
729
936.0
1499
925.0
1593
906.0
594
903.0
920
889.0
640
882.0
1391
873.0
470
826.0
1480
816.0
333
807.0
1280
804.0
1525
794.0
673
767.0
1463
737.0
137
723.0
826
708.0
1317
696.0
302
680.0
96
677.0
1458
660.0
1402
647.0
187
634.0
939
629.0
737
617.0
1172
615.0
1104
607.0
280
602.0
26
599.0
506
595.0
456
594.0
1551
593.0
713
587.0
765
562.0
1079
562.0
992
538.0
278
516.0
1401
516.0
1366
513.0
711
506.0
75
503.0
1622
501.0
1163
496.0
82
493.0
521
489.0
1511
483.0
111
479.0
296
464.0
134
460.0
1661
460.0
1658
458.0
701
455.0
1650
453.0
682
448.0
245
444.0
217
437.0
626
434.0
159
434.0
216
432.0
997
428.0
514
428.0
1494
424.0
215
423.0
1099
421.0
1529
420.0
733
416.0
63
404.0
1396
403.0
153
399.0
84
398.0
1355
391.0
861
389.0
103
389.0
274
389.0
433
383.0
423
379.0
795
379.0
440
379.0
43
379.0
1293
369.0
1606
366.0
738
358.0
1031
356.0
328
349.0
1662
349.0
1120
347.0
356
346.0
358
344.0
1127
340.0
1610
337.0
360
332.0
393
332.0
1590
330.0
1592
328.0
395
326.0
598
324.0
730
322.0
369
320.0
1600
320.0
1124
319.0
362
313.0
484
312.0
901
305.0
381
304.0
1470
299.0
636
299.0
695
299.0
339
295.0
1441
294.0
1422
292.0
379
283.0
1544
278.0
1616
272.0
460
269.0
1435
267.0
1528
262.0
1092
261.0
406
259.0
854
252.0
876
252.0
194
249.0
1498
248.0
1273
246.0
848
246.0
1657
244.0
1279
243.0
888
240.0
327
239.0
601
238.0
1184
236.0
788
236.0
1130
231.0
81
229.0
516
228.0
1637
228.0
1007
226.0
311
224.0
1382
223.0
195
223.0
1144
222.0
745
221.0
39
219.0
116
218.0
146
218.0
1255
217.0
1517
217.0
1050
216.0
984
215.0
878
214.0
1503
213.0
1116
212.0
414
212.0
942
211.0
251
211.0
1400
210.0
125
209.0
1635
206.0
1330
205.0
1219
204.0
1485
202.0
1153
202.0
1033
197.0
986
197.0
140
197.0
314
196.0
1090
194.0
1171
192.0
811
191.0
252
189.0
1030
188.0
1176
187.0
904
184.0
1570
183.0
941
180.0
537
178.0
1434
177.0
1197
176.0
1617
174.0
857
172.0
994
171.0
1304
171.0
605
169.0
1407
165.0
1389
161.0
609
161.0
1471
158.0
1212
155.0
1080
155.0
392
155.0
150
155.0
1058
154.0
9
153.0
1027
153.0
1634
153.0
1384
152.0
853
148.0
