1196
27561.0
1239
16474.0
466
14290.0
642
13515.0
530
13339.0
1131
11177.0
1206
11091.0
887
11041.0
1604
10835.0
944
9972.0
181
9564.0
1085
8753.0
331
7794.0
1287
7658.0
890
7589.0
954
7132.0
72
6888.0
378
6408.0
892
6302.0
1513
6012.0
575
5998.0
502
5900.0
671
5743.0
1377
5262.0
1555
5228.0
1390
4942.0
677
4853.0
1354
4369.0
359
4206.0
62
4190.0
1263
4090.0
1652
3965.0
1266
3870.0
1123
3709.0
229
3692.0
174
3522.0
761
3470.0
408
3370.0
443
3295.0
829
3266.0
798
3159.0
1424
2994.0
889
2974.0
1278
2807.0
307
2806.0
1102
2682.0
958
2554.0
1202
2525.0
1207
2458.0
743
2385.0
282
2231.0
17
2201.0
680
2186.0
1122
2144.0
980
2139.0
838
2075.0
1547
1966.0
698
1884.0
1417
1883.0
670
1859.0
1087
1796.0
1112
1787.0
938
1755.0
818
1707.0
1557
1647.0
543
1497.0
1211
1494.0
639
1479.0
604
1477.0
978
1440.0
1369
1437.0
1624
1427.0
1281
1413.0
152
1394.0
712
1306.0
1357
1282.0
513
1278.0
1256
1201.0
952
1196.0
931
1170.0
187
1150.0
1179
1070.0
1210
1015.0
1480
903.0
1351
895.0
1391
871.0
1409
864.0
97
824.0
470
813.0
729
806.0
826
804.0
338
799.0
1525
793.0
711
778.0
1499
772.0
1280
772.0
648
758.0
713
744.0
1593
740.0
1661
715.0
1028
703.0
457
692.0
1167
680.0
1401
666.0
1458
661.0
333
658.0
82
646.0
737
644.0
1104
635.0
874
634.0
920
619.0
673
619.0
217
609.0
1199
594.0
1269
581.0
1402
578.0
96
569.0
302
567.0
786
552.0
1296
530.0
733
528.0
1366
524.0
26
522.0
939
505.0
433
505.0
594
498.0
134
495.0
795
490.0
159
488.0
701
485.0
75
476.0
601
475.0
1463
470.0
1323
438.0
1511
431.0
215
428.0
280
420.0
161
411.0
418
395.0
245
395.0
456
393.0
296
384.0
730
381.0
514
381.0
626
378.0
111
374.0
1556
371.0
578
369.0
1355
368.0
285
366.0
1382
365.0
340
363.0
339
360.0
1658
359.0
63
357.0
103
353.0
861
351.0
1616
349.0
1396
329.0
381
321.0
1050
320.0
251
314.0
1394
313.0
146
312.0
1330
312.0
423
311.0
1650
306.0
1517
305.0
1485
303.0
862
296.0
1529
292.0
379
281.0
1635
281.0
278
276.0
745
275.0
1144
268.0
288
267.0
1090
256.0
682
251.0
984
250.0
1574
248.0
1124
248.0
406
248.0
327
234.0
853
232.0
1086
227.0
888
223.0
314
223.0
1273
220.0
904
220.0
1441
219.0
1176
217.0
150
213.0
609
209.0
636
209.0
1031
207.0
395
206.0
734
204.0
741
200.0
640
197.0
1317
194.0
878
193.0
857
190.0
630
189.0
788
183.0
765
182.0
1033
180.0
484
180.0
1219
179.0
942
179.0
125
175.0
1528
171.0
440
168.0
1634
165.0
603
158.0
1657
158.0
137
157.0
660
154.0
1622
153.0
1184
152.0
1127
149.0
848
148.0
473
146.0
1030
144.0
1551
144.0
115
142.0
43
142.0
1092
140.0
1079
137.0
392
137.0
1617
136.0
1420
131.0
959
129.0
61
128.0
811
127.0
1153
127.0
837
126.0
214
126.0
1304
126.0
644
124.0
898
124.0
854
123.0
516
123.0
555
123.0
689
123.0
940
121.0
541
118.0
84
118.0
1610
118.0
695
113.0
153
112.0
195
111.0
1303
111.0
1279
110.0
1120
106.0
1057
106.0
414
104.0
926
101.0
426
101.0
318
101.0
31
99.0
207
98.0
1353
96.0
1068
96.0
779
96.0
216
96.0
1171
95.0
1538
95.0
645
94.0
1293
93.0
738
91.0
1077
91.0
1099
91.0
362
91.0
1024
90.0
507
89.0
445
89.0
140
89.0
360
86.0
521
85.0
1606
85.0
1163
84.0
356
83.0
1113
82.0
1498
82.0
130
82.0
1600
82.0
785
81.0
455
80.0
253
80.0
1412
80.0
1662
80.0
1494
79.0
1007
79.0
560
79.0
58
79.0
258
78.0
1073
75.0
548
75.0
715
72.0
