331
14724.0
671
13485.0
1555
12806.0
887
12020.0
677
11938.0
1604
11192.0
944
10694.0
466
9562.0
1278
8935.0
408
8812.0
1196
8354.0
1131
6803.0
642
6230.0
1417
5935.0
1085
4992.0
1239
4953.0
980
4949.0
530
4697.0
743
4584.0
1513
4445.0
1207
4393.0
575
4234.0
829
4159.0
82
4085.0
1287
3902.0
604
3836.0
1202
3549.0
1206
3538.0
892
3362.0
62
3074.0
181
3070.0
1593
3064.0
818
2979.0
1266
2960.0
1211
2872.0
838
2851.0
1269
2823.0
862
2737.0
378
2541.0
1377
2346.0
890
2215.0
1263
2207.0
798
2160.0
1391
2150.0
1499
2146.0
1355
2095.0
1390
2055.0
1463
2045.0
187
1992.0
359
1983.0
1102
1970.0
1458
1938.0
1123
1889.0
502
1828.0
443
1746.0
648
1723.0
72
1712.0
673
1711.0
1480
1633.0
433
1630.0
159
1591.0
954
1543.0
958
1432.0
1661
1289.0
282
1279.0
1104
1276.0
1031
1276.0
1087
1267.0
229
1253.0
761
1245.0
920
1215.0
729
1178.0
861
1160.0
680
1153.0
1556
1152.0
215
1074.0
1122
1072.0
1281
1065.0
1616
1059.0
1382
1055.0
670
1047.0
938
1041.0
280
1036.0
111
1027.0
174
1026.0
418
1024.0
1424
1014.0
152
1010.0
1409
987.0
1167
940.0
288
937.0
146
928.0
1079
913.0
1179
862.0
513
860.0
1652
849.0
506
828.0
939
813.0
578
803.0
992
798.0
1557
788.0
1357
769.0
904
769.0
521
762.0
96
758.0
296
723.0
17
721.0
639
720.0
307
715.0
765
673.0
470
665.0
302
664.0
340
658.0
1354
652.0
698
636.0
1624
627.0
626
617.0
358
613.0
543
599.0
1525
594.0
1435
591.0
26
590.0
1402
589.0
952
588.0
1529
586.0
314
579.0
1622
577.0
889
575.0
278
572.0
931
571.0
137
566.0
1494
557.0
630
557.0
1606
555.0
327
544.0
788
532.0
711
528.0
1153
523.0
1112
510.0
1199
502.0
1547
501.0
1007
494.0
1317
491.0
1256
467.0
1172
464.0
440
460.0
258
454.0
514
449.0
997
446.0
826
443.0
1401
443.0
328
442.0
1210
424.0
712
423.0
369
422.0
333
417.0
978
414.0
1090
412.0
594
411.0
285
410.0
1163
404.0
338
397.0
682
393.0
1092
391.0
1658
391.0
134
389.0
940
388.0
1351
382.0
1396
368.0
1369
367.0
1485
364.0
854
361.0
356
352.0
1570
347.0
1000
342.0
609
340.0
701
338.0
1127
336.0
423
334.0
737
321.0
381
319.0
893
315.0
360
311.0
1366
309.0
1082
309.0
1650
309.0
379
307.0
1030
301.0
779
300.0
125
298.0
1255
297.0
1551
290.0
1171
288.0
786
283.0
1116
282.0
795
280.0
1280
271.0
414
270.0
274
265.0
217
264.0
874
260.0
941
258.0
63
255.0
1517
254.0
395
251.0
1296
250.0
548
250.0
1528
250.0
730
249.0
300
249.0
130
249.0
1323
248.0
640
247.0
195
246.0
456
245.0
311
239.0
555
239.0
1592
238.0
1434
237.0
1130
233.0
363
233.0
339
232.0
1511
232.0
942
231.0
984
231.0
103
227.0
84
226.0
1493
225.0
811
223.0
1617
223.0
1124
221.0
713
217.0
1050
217.0
598
216.0
244
215.0
825
212.0
393
209.0
362
208.0
75
204.0
231
203.0
97
203.0
457
202.0
1273
198.0
1610
198.0
37
196.0
1657
195.0
1279
194.0
1219
193.0
424
192.0
1231
191.0
733
189.0
878
189.0
1400
189.0
560
186.0
837
185.0
251
185.0
194
185.0
1637
181.0
738
180.0
318
179.0
1503
178.0
1115
177.0
507
177.0
140
176.0
1129
174.0
924
173.0
1498
173.0
605
172.0
986
170.0
484
169.0
970
167.0
1394
164.0
460
163.0
603
162.0
1425
161.0
787
159.0
577
159.0
1634
156.0
888
153.0
1538
153.0
1590
152.0
1613
148.0
601
145.0
1441
144.0
580
141.0
1304
141.0
1446
140.0
39
139.0
1459
136.0
1471
136.0
1407
134.0
1422
133.0
901
133.0
660
131.0
1144
130.0
612
129.0
1574
127.0
1057
127.0
959
126.0
596
125.0
