887
9638.0
944
9552.0
1604
9005.0
331
8643.0
466
7682.0
671
7591.0
1196
7209.0
62
7118.0
1555
6900.0
677
6578.0
530
5959.0
642
5786.0
408
5442.0
1131
5365.0
1266
5039.0
1239
4997.0
954
4942.0
1278
4536.0
1085
4409.0
1417
4345.0
1269
3999.0
1206
3793.0
1513
3151.0
862
3061.0
575
3037.0
1652
2907.0
1207
2869.0
181
2866.0
1202
2809.0
743
2770.0
980
2743.0
1287
2682.0
892
2645.0
1263
2554.0
829
2541.0
1377
2518.0
378
2420.0
1390
2319.0
670
2299.0
1354
2291.0
418
2270.0
152
2260.0
1281
2257.0
890
2234.0
1211
2110.0
502
1991.0
818
1988.0
838
1977.0
1556
1917.0
698
1857.0
82
1837.0
604
1824.0
1167
1817.0
798
1707.0
1102
1661.0
1557
1607.0
307
1604.0
359
1556.0
340
1542.0
72
1521.0
1123
1383.0
443
1370.0
1593
1352.0
288
1344.0
338
1341.0
1424
1332.0
1391
1282.0
765
1278.0
978
1186.0
1499
1183.0
673
1125.0
761
1116.0
992
1113.0
1351
1100.0
889
1061.0
229
1060.0
1079
1038.0
1547
1023.0
578
1019.0
506
1017.0
920
975.0
648
969.0
285
969.0
282
968.0
174
968.0
1355
964.0
187
961.0
1463
959.0
137
954.0
958
948.0
280
906.0
1458
901.0
1179
897.0
680
896.0
729
882.0
939
865.0
1409
862.0
938
855.0
1087
850.0
1317
838.0
1480
837.0
521
803.0
1622
783.0
1104
777.0
1122
770.0
861
761.0
1529
752.0
1624
717.0
159
712.0
1163
708.0
302
708.0
639
692.0
1357
668.0
997
663.0
874
651.0
543
651.0
1650
638.0
97
637.0
457
634.0
1031
624.0
111
624.0
278
624.0
1661
623.0
433
610.0
640
605.0
1296
600.0
1435
592.0
1551
590.0
274
580.0
1172
573.0
356
573.0
1382
568.0
358
555.0
96
554.0
1525
540.0
369
539.0
17
538.0
598
536.0
1494
524.0
26
524.0
333
523.0
786
521.0
682
515.0
296
511.0
940
510.0
215
505.0
513
500.0
788
497.0
1280
495.0
1606
495.0
328
488.0
1127
487.0
1210
486.0
712
482.0
1153
480.0
393
464.0
1323
464.0
84
460.0
1256
454.0
594
454.0
952
453.0
1616
449.0
311
443.0
931
442.0
1658
442.0
440
437.0
1369
427.0
901
424.0
146
418.0
1199
416.0
327
414.0
1112
400.0
216
399.0
1028
398.0
904
397.0
1592
396.0
470
395.0
1402
382.0
1171
373.0
1116
371.0
1637
370.0
362
364.0
39
362.0
711
359.0
1657
359.0
1401
355.0
395
354.0
1007
352.0
1396
351.0
1255
345.0
514
345.0
1570
340.0
381
338.0
1511
333.0
1544
332.0
826
324.0
161
324.0
379
317.0
1610
316.0
194
314.0
986
311.0
1503
311.0
360
310.0
1130
305.0
153
305.0
1422
302.0
1394
298.0
314
298.0
738
291.0
630
284.0
605
281.0
1092
278.0
1434
278.0
1099
277.0
854
275.0
81
266.0
1400
265.0
195
258.0
1124
256.0
217
256.0
134
256.0
1030
255.0
1617
255.0
737
254.0
1528
253.0
959
252.0
1080
252.0
1485
250.0
713
250.0
1407
250.0
423
249.0
626
244.0
318
244.0
103
240.0
1431
239.0
460
237.0
63
236.0
1197
235.0
140
233.0
1590
232.0
787
232.0
125
232.0
231
231.0
1425
231.0
258
228.0
1115
223.0
1273
222.0
726
215.0
612
211.0
1050
211.0
779
211.0
1517
211.0
75
206.0
609
202.0
730
201.0
1514
200.0
116
199.0
941
196.0
363
196.0
1524
196.0
1613
195.0
876
194.0
1366
193.0
414
193.0
424
192.0
795
192.0
942
190.0
43
190.0
701
188.0
1538
188.0
1219
184.0
1260
178.0
1017
178.0
507
175.0
1193
174.0
456
173.0
1247
171.0
555
171.0
561
171.0
37
171.0
158
171.0
1231
170.0
252
168.0
878
167.0
1441
164.0
1090
162.0
244
158.0
1446
158.0
1293
155.0
251
152.0
1265
151.0
245
151.0
321
149.0
503
148.0
924
147.0
1033
147.0
1114
146.0
1384
144.0
1389
141.0
1000
138.0
