1196
38228.0
530
26616.0
887
25395.0
466
23272.0
1604
22518.0
1131
21201.0
1239
20833.0
642
20765.0
944
20386.0
62
19650.0
954
17407.0
1206
16878.0
1266
16301.0
1085
15757.0
331
15285.0
181
13766.0
575
12640.0
1287
12133.0
1513
11483.0
378
11352.0
671
11192.0
892
11032.0
890
10558.0
1377
10434.0
1555
10175.0
1269
9925.0
1263
9677.0
677
9240.0
1390
9128.0
502
9038.0
72
8989.0
1354
8220.0
862
8101.0
408
7885.0
1652
7540.0
1278
7117.0
359
7090.0
152
7025.0
698
6744.0
670
6521.0
1281
6349.0
798
6113.0
307
6097.0
1557
5371.0
1202
5341.0
1556
5115.0
1417
5099.0
1123
5056.0
818
4954.0
174
4896.0
1207
4802.0
761
4670.0
980
4654.0
1547
4609.0
1167
4546.0
1424
4489.0
229
4453.0
889
4395.0
340
4354.0
829
4324.0
443
4255.0
838
4123.0
743
3984.0
1102
3831.0
418
3794.0
958
3791.0
288
3756.0
978
3731.0
282
3670.0
1351
3494.0
338
3391.0
17
3369.0
604
3227.0
1087
3209.0
578
3170.0
680
3147.0
1122
3073.0
639
2968.0
285
2965.0
1211
2923.0
506
2806.0
543
2788.0
137
2739.0
992
2736.0
765
2631.0
648
2627.0
1079
2600.0
952
2522.0
874
2301.0
938
2293.0
1317
2170.0
729
2164.0
1112
2136.0
521
2133.0
97
2133.0
1499
2121.0
1622
2108.0
786
2079.0
1624
2031.0
513
2028.0
931
2006.0
1357
2001.0
1296
1995.0
1179
1963.0
712
1944.0
457
1935.0
1172
1929.0
1256
1925.0
1463
1869.0
640
1846.0
1210
1844.0
1163
1843.0
1606
1831.0
1480
1828.0
920
1822.0
1593
1798.0
1323
1791.0
1551
1790.0
1409
1747.0
1494
1723.0
84
1710.0
1369
1704.0
470
1663.0
1199
1565.0
997
1546.0
1435
1511.0
274
1491.0
333
1485.0
673
1474.0
939
1462.0
356
1462.0
358
1433.0
328
1430.0
1028
1421.0
393
1420.0
1525
1405.0
1127
1349.0
1458
1348.0
440
1335.0
1391
1327.0
1104
1306.0
1394
1299.0
187
1294.0
82
1292.0
302
1278.0
280
1247.0
826
1242.0
369
1235.0
96
1205.0
682
1199.0
1402
1193.0
26
1177.0
134
1169.0
360
1153.0
598
1125.0
1401
1105.0
456
1104.0
1007
1103.0
1255
1092.0
1434
1088.0
737
1059.0
701
1054.0
278
1051.0
861
1047.0
738
1045.0
1116
1035.0
901
1031.0
423
1008.0
159
979.0
362
978.0
1366
972.0
1280
966.0
75
965.0
986
954.0
161
940.0
1661
936.0
153
935.0
1355
930.0
216
930.0
217
929.0
713
925.0
1400
925.0
140
920.0
194
906.0
795
902.0
1650
897.0
711
890.0
215
890.0
1171
888.0
612
886.0
111
876.0
1658
872.0
594
870.0
311
862.0
1570
859.0
1610
851.0
1590
847.0
1124
844.0
1422
840.0
381
824.0
1396
823.0
39
822.0
1130
820.0
1592
793.0
626
790.0
1529
780.0
103
763.0
941
762.0
1544
750.0
1528
745.0
1637
735.0
1031
733.0
433
709.0
1099
702.0
81
690.0
395
687.0
296
685.0
1498
671.0
1503
670.0
63
663.0
1514
663.0
339
655.0
1197
651.0
1080
649.0
537
628.0
514
627.0
1382
622.0
116
616.0
787
611.0
43
610.0
726
609.0
730
608.0
1058
604.0
876
593.0
636
593.0
484
593.0
1273
587.0
733
583.0
195
582.0
1407
582.0
1616
577.0
146
568.0
460
555.0
788
554.0
605
553.0
888
541.0
1511
539.0
37
526.0
1115
525.0
940
525.0
406
524.0
1471
522.0
1231
514.0
811
511.0
424
510.0
379
506.0
327
501.0
1279
498.0
1657
498.0
1613
494.0
904
459.0
1446
458.0
1120
454.0
1293
454.0
994
449.0
1092
449.0
1176
446.0
1635
443.0
245
442.0
1517
433.0
314
431.0
1617
426.0
1086
422.0
1600
421.0
660
420.0
745
417.0
695
411.0
1153
409.0
848
404.0
1219
402.0
231
402.0
1144
395.0
1114
391.0
150
386.0
1090
384.0
503
381.0
1441
380.0
596
379.0
303
376.0
158
373.0
984
370.0
1050
364.0
1662
362.0
1425
360.0
1530
358.0
390
355.0
1027
352.0
567
349.0
1033
346.0
1470
345.0
