331
4492.0
887
4439.0
944
4257.0
1604
4246.0
954
3850.0
466
3751.0
677
3666.0
1196
3348.0
671
3346.0
62
3314.0
1555
3177.0
408
2760.0
1239
2699.0
642
2578.0
1652
2516.0
1266
2469.0
1417
2333.0
530
2318.0
1131
2314.0
1354
1986.0
1085
1878.0
1278
1617.0
1206
1590.0
1207
1567.0
1211
1435.0
829
1422.0
743
1386.0
1263
1383.0
698
1380.0
1202
1278.0
575
1270.0
152
1242.0
378
1236.0
181
1210.0
1513
1187.0
307
1185.0
1287
1133.0
670
1118.0
1269
1097.0
890
1060.0
892
1026.0
980
1015.0
838
1007.0
1281
977.0
1557
959.0
1390
954.0
1377
945.0
418
921.0
1547
907.0
502
873.0
604
852.0
818
815.0
72
803.0
338
779.0
1102
747.0
978
739.0
1424
718.0
798
702.0
1123
683.0
1351
672.0
359
665.0
673
641.0
1167
630.0
280
625.0
1593
621.0
82
613.0
1409
599.0
761
591.0
1499
586.0
862
571.0
1529
567.0
1179
554.0
1391
530.0
639
521.0
1463
496.0
889
482.0
1122
453.0
939
451.0
443
443.0
1296
435.0
920
433.0
874
433.0
340
432.0
457
418.0
786
413.0
229
411.0
187
411.0
1556
404.0
1104
401.0
1650
394.0
174
383.0
1280
382.0
578
377.0
958
375.0
938
372.0
1480
370.0
765
369.0
285
369.0
1355
360.0
1458
354.0
137
353.0
640
344.0
1087
339.0
26
336.0
1624
336.0
1357
334.0
97
334.0
729
331.0
288
329.0
282
326.0
296
319.0
1525
314.0
1396
293.0
648
287.0
333
286.0
302
276.0
96
275.0
111
274.0
952
270.0
861
270.0
543
268.0
712
267.0
1394
265.0
17
265.0
1622
265.0
215
261.0
931
260.0
278
260.0
594
249.0
1382
246.0
513
245.0
1079
244.0
1323
242.0
1369
239.0
1031
238.0
356
237.0
1317
235.0
1661
232.0
1112
231.0
1163
229.0
433
229.0
1028
228.0
470
223.0
1092
220.0
1658
219.0
161
216.0
1030
215.0
84
214.0
159
213.0
1099
212.0
680
209.0
1402
208.0
1153
206.0
940
205.0
1256
205.0
1210
204.0
506
201.0
826
200.0
146
190.0
1172
184.0
195
184.0
992
182.0
521
181.0
788
179.0
1657
178.0
904
178.0
1616
175.0
514
171.0
682
169.0
327
169.0
153
163.0
711
162.0
393
155.0
598
151.0
1401
148.0
1422
145.0
395
144.0
733
143.0
381
143.0
1606
143.0
730
142.0
1124
139.0
360
136.0
878
135.0
1528
135.0
1273
133.0
738
133.0
314
131.0
63
131.0
125
130.0
1551
130.0
1199
127.0
216
127.0
362
125.0
440
124.0
1538
124.0
1498
123.0
1617
122.0
1637
120.0
626
119.0
414
118.0
997
117.0
251
117.0
924
116.0
379
116.0
942
115.0
1265
115.0
1304
115.0
737
113.0
245
113.0
1494
112.0
1544
112.0
713
111.0
795
111.0
630
109.0
182
106.0
1610
106.0
1184
105.0
1662
104.0
369
103.0
1503
103.0
1517
101.0
358
100.0
244
98.0
328
96.0
1511
95.0
507
94.0
779
94.0
1144
92.0
1509
91.0
848
89.0
311
89.0
318
89.0
1120
88.0
1056
88.0
274
88.0
456
87.0
701
85.0
959
85.0
1470
84.0
1116
84.0
1113
84.0
1050
84.0
1435
84.0
1590
82.0
217
82.0
516
79.0
103
79.0
901
78.0
1231
77.0
1592
77.0
348
77.0
1007
76.0
81
76.0
1130
75.0
548
75.0
258
75.0
1366
74.0
601
73.0
1080
72.0
363
72.0
1446
72.0
893
71.0
644
70.0
116
70.0
39
69.0
1407
69.0
811
67.0
1255
67.0
636
67.0
424
67.0
1197
66.0
605
65.0
1171
65.0
75
65.0
1514
65.0
609
64.0
339
64.0
194
64.0
303
63.0
252
63.0
854
62.0
1219
61.0
1127
61.0
150
61.0
1384
60.0
406
60.0
34
60.0
994
59.0
555
59.0
876
58.0
1389
57.0
541
57.0
300
57.0
253
57.0
1635
57.0
1033
56.0
134
56.0
1506
56.0
1441
56.0
