331
4882.0
887
4053.0
1196
3457.0
677
3330.0
944
3327.0
1555
3302.0
1604
3284.0
466
3175.0
671
2939.0
642
2324.0
408
2311.0
1239
2218.0
530
2200.0
954
2136.0
1417
1706.0
1131
1654.0
829
1506.0
1085
1504.0
1278
1494.0
62
1383.0
1652
1281.0
743
1272.0
1211
1269.0
1266
1251.0
1207
1204.0
1206
1171.0
1354
1136.0
181
1098.0
1202
1095.0
892
1053.0
1513
1026.0
980
1012.0
378
941.0
1287
925.0
890
883.0
575
830.0
604
829.0
1102
815.0
72
811.0
1390
795.0
307
779.0
673
704.0
502
687.0
838
686.0
1377
666.0
818
653.0
1123
636.0
82
631.0
1263
626.0
1529
599.0
1424
581.0
443
572.0
761
568.0
187
550.0
698
536.0
680
532.0
798
516.0
1391
515.0
1557
511.0
1499
503.0
1547
479.0
359
478.0
670
475.0
152
461.0
958
457.0
174
452.0
978
450.0
229
446.0
1593
440.0
938
433.0
1458
430.0
433
430.0
1179
397.0
1409
392.0
280
387.0
1281
380.0
282
368.0
1480
362.0
1280
359.0
1104
349.0
1357
338.0
1650
323.0
889
319.0
639
317.0
920
300.0
111
293.0
1661
291.0
1031
288.0
1355
282.0
1122
280.0
338
277.0
96
275.0
1351
274.0
302
271.0
1087
268.0
159
264.0
729
262.0
1624
261.0
861
251.0
939
249.0
1382
247.0
1525
243.0
1269
240.0
711
235.0
97
235.0
1167
232.0
543
229.0
418
224.0
594
219.0
648
218.0
215
218.0
904
214.0
17
213.0
457
213.0
296
211.0
1463
206.0
513
197.0
1112
194.0
1396
192.0
1028
185.0
1616
182.0
26
181.0
952
179.0
1210
177.0
826
177.0
1369
174.0
327
173.0
1153
172.0
333
170.0
931
167.0
1256
167.0
146
166.0
1296
164.0
395
163.0
1030
162.0
278
155.0
514
154.0
1511
154.0
161
149.0
1401
149.0
1485
147.0
626
142.0
640
142.0
786
142.0
63
140.0
874
137.0
737
136.0
878
136.0
1556
136.0
940
135.0
630
134.0
862
131.0
314
131.0
1441
130.0
414
129.0
1658
128.0
1092
126.0
712
125.0
788
123.0
1394
122.0
779
120.0
1657
114.0
470
112.0
103
110.0
1517
108.0
1090
107.0
1528
103.0
285
100.0
730
99.0
1172
98.0
1402
98.0
1610
97.0
381
96.0
682
96.0
379
95.0
1304
94.0
601
89.0
217
89.0
609
87.0
507
87.0
1330
87.0
245
86.0
733
86.0
1050
85.0
1265
80.0
363
79.0
58
79.0
258
78.0
713
78.0
75
78.0
548
78.0
578
77.0
125
76.0
195
75.0
1199
75.0
340
75.0
318
74.0
942
73.0
244
72.0
1033
72.0
475
70.0
339
70.0
251
69.0
1617
68.0
521
68.0
288
67.0
541
67.0
130
65.0
1129
65.0
924
64.0
1366
63.0
1099
63.0
1184
62.0
644
62.0
580
62.0
440
61.0
1127
60.0
963
60.0
795
60.0
1144
59.0
356
58.0
854
58.0
300
57.0
555
57.0
1538
57.0
216
57.0
1317
57.0
1622
56.0
741
55.0
997
55.0
787
55.0
1551
55.0
888
54.0
603
53.0
423
53.0
1002
52.0
1384
52.0
1662
52.0
1273
51.0
619
51.0
1582
50.0
959
50.0
1171
50.0
1007
49.0
1079
49.0
1000
47.0
636
47.0
910
46.0
43
45.0
1163
45.0
901
45.0
31
44.0
1124
44.0
825
44.0
564
44.0
1626
43.0
992
42.0
687
42.0
456
42.0
348
42.0
1138
41.0
848
41.0
269
40.0
832
40.0
81
40.0
84
40.0
516
40.0
308
40.0
484
39.0
837
39.0
1574
38.0
1472
38.0
406
38.0
150
37.0
660
37.0
1120
36.0
701
36.0
1344
35.0
1494
35.0
182
35.0
745
35.0
506
35.0
1503
35.0
106
35.0
1113
34.0
656
34.0
723
33.0
193
33.0
675
33.0
1323
33.0
1470
32.0
137
32.0
153
32.0
274
32.0
744
32.0
811
31.0
1068
31.0
668
31.0
455
31.0
800
30.0
