8225
68.0
8224
28.0
8227
26.0
8226
39.0
8220
77.0
3282
204.0
5372
115.0
6871
41.0
6872
99.0
3286
40.0
3287
561.0
3278
40.0
2951
58.0
6868
65.0
2952
590.0
1822
40.0
6866
54.0
2954
39.0
539
39.0
2956
69.0
1823
44.0
2958
45.0
1829
25.0
8217
20.0
8219
153.0
6094
80.0
6095
291.0
8213
20.0
8212
34.0
6090
20.0
8210
49.0
5360
225.0
5363
195.0
6885
40.0
6097
75.0
2940
752.0
2
196.0
6879
54.0
1
382.0
6875
307.0
6
74.0
2942
21.0
2948
356.0
2947
169.0
1814
50.0
9
591.0
8208
22.0
1817
166.0
8207
110.0
6080
127.0
8243
195.0
8242
331.0
8247
137.0
6085
37.0
8248
3904.0
6891
25.0
5355
386.0
5352
92.0
5351
94.0
1843
42.0
512
31.0
1841
83.0
511
22.0
6887
22.0
5349
41.0
2970
89.0
2978
63.0
516
82.0
1846
45.0
514
21.0
6072
29.0
6073
726.0
6074
61.0
6075
99.0
5345
82.0
6077
44.0
2100
524.0
1830
148.0
521
197.0
2965
329.0
524
47.0
2963
26.0
1836
55.0
7599
32.0
3240
106.0
3244
65.0
2992
92.0
2104
37.0
2101
56.0
572
92.0
2994
32.0
5324
897.0
2108
852.0
5329
394.0
2998
29.0
576
34.0
2999
127.0
7587
1448.0
3254
50.0
5321
20.0
2990
346.0
7582
37.0
5323
53.0
2989
23.0
5314
41.0
2113
35.0
584
155.0
5316
175.0
2982
64.0
587
49.0
5317
280.0
2118
40.0
589
206.0
2986
46.0
5319
32.0
2133
35.0
7572
209.0
2132
25.0
2130
572.0
7574
34.0
3260
100.0
7578
73.0
8200
23.0
8202
30.0
8204
23.0
1803
48.0
1802
29.0
559
43.0
1801
25.0
7569
23.0
2129
44.0
3257
62.0
3256
25.0
550
37.0
551
59.0
2142
114.0
7562
34.0
3274
72.0
7560
113.0
3272
95.0
3273
169.0
7564
47.0
569
176.0
7558
56.0
2134
214.0
561
20.0
2135
72.0
562
96.0
3268
25.0
563
35.0
2136
60.0
6018
29.0
6025
28.0
3200
512.0
6020
112.0
6022
93.0
3201
24.0
1894
36.0
1892
321.0
1893
41.0
1899
105.0
3206
36.0
6007
35.0
3208
119.0
2161
97.0
6015
108.0
8293
1366.0
2162
115.0
8296
323.0
2160
98.0
8290
67.0
8292
27.0
2164
26.0
6801
354.0
3217
26.0
6803
20.0
2168
567.0
6805
60.0
6804
31.0
6808
22.0
3222
845.0
2175
141.0
3220
25.0
2177
36.0
2173
549.0
3227
92.0
3224
30.0
6815
466.0
3225
22.0
3226
97.0
6813
58.0
6818
46.0
2187
68.0
3230
37.0
3232
29.0
2914
44.0
1867
25.0
2912
76.0
2918
21.0
6826
113.0
1862
74.0
6827
23.0
2911
190.0
1863
45.0
6821
39.0
6822
78.0
8262
40.0
2193
37.0
6068
29.0
2195
33.0
2197
22.0
6065
49.0
2196
899.0
6064
57.0
2199
53.0
2198
48.0
6060
40.0
8269
21.0
2191
60.0
2190
218.0
2901
103.0
2902
70.0
2905
49.0
2908
41.0
500
39.0
6832
22.0
8250
59.0
8252
20.0
6056
42.0
6055
81.0
6050
61.0
8255
52.0
4709
793.0
2935
156.0
6842
21.0
2932
34.0
6039
27.0
1886
23.0
6843
119.0
2933
457.0
4701
34.0
4702
30.0
1887
74.0
1881
193.0
4700
39.0
6847
25.0
1883
37.0
6849
51.0
8281
245.0
6045
83.0
6850
100.0
6047
140.0
6049
38.0
8282
101.0
6851
56.0
8288
79.0
8286
802.0
6040
67.0
2927
66.0
2928
387.0
2929
25.0
2923
29.0
4719
131.0
4712
48.0
2920
116.0
4714
225.0
1875
78.0
1873
100.0
6858
286.0
4711
39.0
6033
52.0
1880
270.0
6032
36.0
6038
103.0
8274
220.0
8275
22.0
8277
23.0
4616
70.0
4610
682.0
4617
94.0
4604
54.0
4634
67.0
4631
423.0
4637
1572.0
4630
27.0
4623
40.0
4627
110.0
4626
20.0
4628
151.0
4656
35.0
4647
60.0
4642
78.0
4644
198.0
4645
45.0
4681
43.0
4683
604.0
4682
319.0
4678
27.0
4673
120.0
4666
26.0
7537
73.0
7539
278.0
4699
39.0
7541
217.0
7542
56.0
7546
43.0
4688
24.0
7551
62.0
4692
131.0
7553
42.0
7517
539.0
7513
146.0
7514
60.0
7515
21.0
7520
27.0
7523
94.0
594
117.0
7527
141.0
7525
89.0
7534
40.0
7501
27.0
7504
24.0
7508
32.0
7506
327.0
7512
97.0
7510
187.0
5379
99.0
5389
32.0
5386
22.0
5393
280.0
5394
48.0
5399
21.0
5391
44.0
5392
605.0
6770
69.0
6771
68.0
5232
110.0
6774
36.0
6772
20.0
8122
70.0
8121
27.0
8123
27.0
7493
234.0
7492
82.0
8119
729.0
1729
88.0
1725
29.0
1722
554.0
6768
120.0
2854
29.0
6767
33.0
2853
181.0
2206
22.0
6766
22.0
5229
36.0
1721
44.0
2203
96.0
5225
153.0
5226
43.0
7486
85.0
7489
24.0
5220
244.0
409
85.0
1717
20.0
1718
71.0
408
29.0
1714
33.0
6777
78.0
2216
57.0
2215
45.0
6776
63.0
400
870.0
2844
329.0
1710
44.0
6779
176.0
2218
28.0
402
125.0
2213
77.0
5251
43.0
5254
25.0
8106
30.0
8102
22.0
418
163.0
417
32.0
1703
66.0
1708
68.0
1706
128.0
1707
128.0
410
79.0
6748
975.0
6747
27.0
414
38.0
413
32.0
2831
1682.0
411
49.0
6763
26.0
5241
39.0
5245
384.0
2826
49.0
428
64.0
2824
45.0
2829
78.0
5237
20.0
421
31.0
5238
104.0
6754
28.0
6757
24.0
425
23.0
2820
22.0
6756
22.0
3386
20.0
2252
27.0
3387
422.0
3380
20.0
7457
115.0
2249
96.0
7449
30.0
431
82.0
3377
74.0
2896
20.0
2891
47.0
7445
38.0
3393
40.0
7443
248.0
2260
30.0
3392
27.0
2259
60.0
2888
30.0
2889
168.0
7438
69.0
2886
22.0
2255
74.0
2882
21.0
2257
187.0
442
120.0
2883
189.0
7470
125.0
6796
45.0
450
20.0
7472
110.0
5212
53.0
3362
36.0
2231
127.0
7473
23.0
2230
101.0
7474
40.0
5210
45.0
454
35.0
2872
105.0
2222
27.0
5203
58.0
2229
27.0
7469
20.0
2878
308.0
2227
379.0
456
1235.0
459
34.0
7467
83.0
7463
53.0
2240
21.0
3376
42.0
5202
164.0
7462
70.0
2862
279.0
462
49.0
3367
115.0
2236
47.0
466
188.0
2238
23.0
7459
96.0
2868
44.0
3339
31.0
3337
39.0
3342
69.0
2296
267.0
3340
43.0
2298
26.0
2293
62.0
1799
23.0
1798
73.0
1796
38.0
1794
35.0
3352
296.0
8191
57.0
8193
63.0
8192
87.0
2267
91.0
3314
26.0
1784
135.0
3312
20.0
1785
25.0
3317
37.0
8186
20.0
8184
106.0
2272
127.0
3321
20.0
8182
330.0
8181
21.0
2275
32.0
8188
180.0
3322
35.0
3323
39.0
2278
35.0
1771
341.0
3324
25.0
3325
83.0
1772
47.0
3326
85.0
1777
24.0
1778
93.0
3328
308.0
2287
107.0
1780
46.0
3332
114.0
8171
74.0
2285
44.0
8170
33.0
8179
200.0
2811
68.0
1765
51.0
2812
28.0
6727
331.0
1763
193.0
1762
47.0
6729
23.0
2815
53.0
2816
21.0
1768
23.0
8168
39.0
8169
321.0
8162
91.0
6735
68.0
1755
20.0
1754
118.0
2800
225.0
1752
59.0
3301
52.0
3300
642.0
6736
219.0
2809
72.0
3309
30.0
2802
20.0
1758
40.0
8150
35.0
6742
130.0
8151
295.0
8152
360.0
1740
28.0
6700
34.0
6701
35.0
1747
74.0
1748
21.0
6709
25.0
8148
141.0
8145
97.0
8140
42.0
1730
425.0
6715
1128.0
1734
48.0
6710
22.0
1738
28.0
1736
95.0
1735
63.0
6718
78.0
1739
181.0
8136
20.0
4520
44.0
35
37.0
37
136.0
42
94.0
4513
27.0
4517
24.0
4515
54.0
28
264.0
32
25.0
4502
29.0
4503
34.0
4506
29.0
4505
68.0
18
56.0
11
20.0
4554
33.0
4558
129.0
4559
25.0
80
31.0
81
35.0
4553
25.0
4543
65.0
4545
20.0
72
33.0
73
25.0
76
34.0
8099
3702.0
59
273.0
57
80.0
8094
1003.0
8092
59.0
8097
211.0
8095
27.0
8096
664.0
4538
240.0
4539
88.0
1695
276.0
4535
32.0
1694
40.0
1696
62.0
61
35.0
46
64.0
4530
110.0
4525
20.0
4526
21.0
4524
25.0
54
128.0
4599
127.0
487
484.0
489
36.0
488
27.0
483
32.0
481
77.0
473
52.0
4589
37.0
7408
134.0
4587
130.0
7403
24.0
7413
86.0
7410
119.0
4596
78.0
470
31.0
2788
138.0
2783
27.0
7419
70.0
4578
98.0
4583
27.0
2791
27.0
7420
37.0
2792
181.0
4586
28.0
7421
25.0
7424
177.0
4581
54.0
99
224.0
96
40.0
93
100.0
91
59.0
499
31.0
7428
48.0
7425
2916.0
4568
22.0
4567
21.0
2796
27.0
2794
60.0
4565
48.0
4575
20.0
492
25.0
5267
61.0
5269
48.0
5270
136.0
5273
215.0
5274
22.0
5275
52.0
5276
52.0
5279
87.0
5281
22.0
5289
259.0
5288
205.0
5292
755.0
5293
43.0
5295
142.0
5297
369.0
8419
295.0
8416
519.0
8415
325.0
3479
70.0
336
237.0
7349
45.0
7356
84.0
7352
70.0
8424
101.0
8420
36.0
8409
90.0
8407
21.0
342
41.0
344
30.0
348
253.0
7337
50.0
3493
44.0
3490
191.0
3494
42.0
3495
47.0
8414
175.0
8411
42.0
8412
27.0
8438
25.0
315
563.0
313
53.0
311
30.0
7331
170.0
7333
82.0
8440
34.0
8442
427.0
8427
85.0
328
111.0
324
29.0
7321
40.0
7323
66.0
5128
37.0
5126
77.0
7392
900.0
8468
33.0
8463
21.0
8462
36.0
5132
60.0
7399
87.0
8461
21.0
5130
50.0
5136
21.0
5134
29.0
7397
44.0
5115
41.0
5117
51.0
305
360.0
8449
55.0
7383
27.0
1600
67.0
5109
30.0
5106
41.0
5107
93.0
5104
28.0
1608
63.0
7372
82.0
5114
135.0
7374
67.0
5112
106.0
7375
76.0
7379
168.0
7359
37.0
8475
190.0
5102
93.0
7369
31.0
7368
28.0
7367
32.0
7366
114.0
4041
53.0
4045
85.0
4927
88.0
1626
114.0
4929
25.0
4920
199.0
1622
125.0
4921
46.0
1624
161.0
4922
61.0
6299
114.0
6298
150.0
6296
20.0
6293
146.0
1617
60.0
3407
134.0
4937
35.0
3409
51.0
3400
52.0
4931
139.0
4934
49.0
1611
405.0
1610
101.0
4025
826.0
4022
28.0
6286
37.0
6281
126.0
3418
92.0
4948
21.0
1644
20.0
3416
20.0
4946
161.0
4943
35.0
4019
39.0
3414
145.0
1645
34.0
4017
24.0
4018
56.0
3410
77.0
3430
93.0
4013
160.0
6279
135.0
6278
110.0
4958
116.0
3429
188.0
3426
30.0
4008
442.0
3425
60.0
3428
120.0
3427
50.0
4950
42.0
4004
32.0
4951
70.0
3421
258.0
3424
236.0
6266
115.0
6268
58.0
6263
30.0
6264
33.0
3434
213.0
3435
59.0
1663
64.0
1665
459.0
3438
215.0
1666
108.0
1668
37.0
6257
105.0
6254
174.0
1652
37.0
3443
351.0
3446
79.0
3447
27.0
3464
35.0
6240
163.0
3463
74.0
1693
90.0
1692
25.0
3461
27.0
1689
25.0
4900
37.0
3456
77.0
1683
60.0
3457
97.0
3455
42.0
4909
278.0
4905
350.0
3473
27.0
1682
30.0
1681
238.0
6236
362.0
6233
932.0
6234
82.0
3470
47.0
6226
155.0
1675
201.0
3467
78.0
4915
453.0
4914
36.0
1577
20.0
6206
41.0
1576
51.0
4895
60.0
6217
22.0
4888
62.0
4889
125.0
1589
115.0
1586
22.0
6219
28.0
4891
322.0
1594
27.0
4894
140.0
4893
38.0
6224
69.0
1590
47.0
6223
112.0
1597
41.0
1599
23.0
4098
20.0
4096
68.0
4093
589.0
6201
118.0
6200
165.0
4857
24.0
4856
21.0
4855
126.0
4854
271.0
4076
157.0
4842
54.0
4080
20.0
4083
50.0
4088
50.0
4850
270.0
4085
24.0
4087
33.0
4874
462.0
3505
35.0
3502
30.0
3508
69.0
3506
42.0
4051
208.0
4052
114.0
4882
21.0
4880
122.0
4056
24.0
4059
87.0
4865
410.0
4870
1379.0
4871
34.0
5168
25.0
5162
93.0
5947
942.0
5177
608.0
5176
74.0
5171
41.0
5930
423.0
5932
179.0
5142
55.0
5143
53.0
5145
104.0
5970
63.0
5966
395.0
5154
39.0
5156
21.0
394
40.0
5959
24.0
396
44.0
5951
719.0
5148
46.0
5954
60.0
5956
34.0
5994
106.0
383
56.0
384
645.0
381
705.0
5991
72.0
7300
87.0
7303
61.0
5989
123.0
386
61.0
5981
55.0
7310
32.0
5980
112.0
371
241.0
372
39.0
378
33.0
7304
37.0
7305
60.0
375
153.0
374
107.0
377
630.0
7309
87.0
5181
24.0
362
23.0
360
40.0
366
22.0
365
779.0
364
140.0
5191
123.0
5199
21.0
350
20.0
355
142.0
7205
83.0
2006
252.0
2005
44.0
8317
104.0
8316
382.0
8322
50.0
8326
81.0
7210
36.0
7211
96.0
203
126.0
204
63.0
2014
47.0
8308
149.0
8306
48.0
8310
104.0
8311
241.0
7201
38.0
3598
45.0
210
24.0
215
142.0
216
33.0
7227
135.0
219
36.0
217
258.0
8302
24.0
7234
106.0
7237
355.0
222
169.0
7217
29.0
227
43.0
229
930.0
7225
374.0
7226
129.0
7223
135.0
7222
31.0
5918
217.0
7249
32.0
5912
26.0
5910
216.0
7253
126.0
8360
29.0
7256
74.0
7259
245.0
8362
95.0
7258
29.0
8363
34.0
8367
304.0
5926
105.0
5928
54.0
5929
26.0
7238
38.0
7239
58.0
8351
38.0
7245
46.0
8354
355.0
6190
264.0
8353
26.0
8352
117.0
6192
188.0
8359
55.0
6193
113.0
8357
387.0
6194
52.0
6195
156.0
8339
26.0
6994
25.0
7279
65.0
6995
170.0
6992
266.0
6990
50.0
7274
28.0
7277
20.0
7276
49.0
7271
34.0
7273
46.0
8347
30.0
7272
52.0
5905
122.0
5900
46.0
5000
112.0
7268
45.0
7265
39.0
5003
583.0
7261
41.0
7260
118.0
7290
35.0
7294
34.0
7292
638.0
2098
117.0
6163
120.0
2097
77.0
7299
135.0
7296
403.0
2094
22.0
6168
434.0
2093
558.0
6167
46.0
4824
21.0
6963
69.0
1523
29.0
4825
42.0
3537
49.0
6966
161.0
6968
36.0
1521
20.0
1520
61.0
3539
273.0
4827
30.0
8397
74.0
8398
164.0
8390
71.0
7287
22.0
6152
39.0
8392
192.0
6159
25.0
6981
28.0
6156
80.0
3547
96.0
6977
24.0
6974
27.0
3548
43.0
4836
27.0
3542
22.0
4831
404.0
3545
20.0
4838
122.0
1515
108.0
6182
32.0
6181
38.0
6183
69.0
2070
22.0
8385
30.0
6189
919.0
2074
116.0
8381
45.0
6950
22.0
8382
36.0
2073
106.0
2076
183.0
6185
95.0
8380
828.0
2077
41.0
2069
22.0
6947
90.0
1501
33.0
3515
22.0
1502
26.0
6944
63.0
4806
192.0
4807
34.0
4804
23.0
1509
82.0
4809
52.0
6173
21.0
8378
32.0
8379
388.0
2081
49.0
8376
161.0
6962
39.0
6961
184.0
2083
138.0
6179
80.0
6960
30.0
8372
27.0
8373
147.0
6178
41.0
6177
22.0
6176
20.0
3530
22.0
6958
164.0
6959
71.0
2079
62.0
6956
41.0
3527
41.0
3529
34.0
4816
43.0
4818
59.0
1570
279.0
6121
51.0
3583
127.0
2055
238.0
1572
30.0
6122
36.0
3580
21.0
6928
28.0
6929
107.0
6116
783.0
6921
36.0
6118
85.0
6924
165.0
3575
20.0
6925
236.0
3594
54.0
2067
682.0
3593
395.0
1560
34.0
3595
117.0
2062
58.0
2063
94.0
2060
80.0
6108
34.0
1557
53.0
1558
51.0
6932
90.0
6931
3135.0
1556
42.0
6105
103.0
1554
89.0
2058
20.0
1552
42.0
2032
116.0
6143
95.0
3561
374.0
2033
573.0
2034
97.0
3560
55.0
6140
20.0
6909
20.0
6905
28.0
3556
94.0
3553
38.0
2027
308.0
3554
142.0
1547
59.0
3558
24.0
6136
48.0
6137
31.0
6134
85.0
3572
110.0
6132
53.0
6133
34.0
3571
20.0
3574
216.0
6918
69.0
6916
21.0
6915
58.0
1532
75.0
3565
56.0
1530
22.0
3567
108.0
1534
48.0
1475
395.0
4797
21.0
1480
50.0
1483
80.0
1484
20.0
1488
35.0
4788
51.0
4789
62.0
1491
50.0
4790
82.0
1495
70.0
4792
267.0
4794
23.0
1459
276.0
1458
294.0
4776
146.0
4775
74.0
4782
173.0
4781
28.0
1462
32.0
4768
133.0
5899
40.0
1466
134.0
5898
167.0
1464
710.0
6100
209.0
4772
31.0
1471
115.0
6101
67.0
3621
54.0
4754
31.0
3620
340.0
4759
42.0
3624
100.0
4760
27.0
3619
80.0
4742
21.0
3611
45.0
4746
109.0
3614
28.0
4750
30.0
3609
39.0
3607
217.0
3601
22.0
4733
293.0
4732
20.0
1498
83.0
4730
32.0
4740
115.0
4728
58.0
4724
141.0
4722
835.0
5021
31.0
285
100.0
5026
95.0
5024
342.0
282
104.0
288
901.0
5842
54.0
5016
41.0
5841
26.0
5848
32.0
5845
37.0
5030
41.0
5034
23.0
271
24.0
273
116.0
275
106.0
276
959.0
5830
50.0
277
100.0
5833
10564.0
5832
575.0
5837
89.0
5048
30.0
5825
49.0
5820
130.0
5828
196.0
5050
136.0
5056
56.0
296
193.0
5059
130.0
5052
43.0
290
105.0
5055
23.0
5813
69.0
5815
51.0
298
52.0
5817
26.0
5819
343.0
5065
111.0
5069
20.0
5894
35.0
5893
28.0
5060
55.0
5888
38.0
5886
272.0
246
47.0
5077
373.0
5881
121.0
5883
21.0
5071
41.0
5073
22.0
5072
446.0
234
200.0
5877
151.0
5878
38.0
262
179.0
5872
152.0
260
74.0
261
59.0
5089
57.0
5088
28.0
5867
20.0
5868
650.0
5865
84.0
266
514.0
5864
150.0
264
58.0
5861
103.0
5099
81.0
5094
316.0
5858
41.0
259
608.0
5859
69.0
254
62.0
1410
59.0
941
113.0
1415
34.0
1414
48.0
940
104.0
1417
56.0
1416
177.0
947
113.0
948
42.0
6492
43.0
6490
94.0
6496
46.0
6495
22.0
6494
47.0
1426
31.0
931
377.0
932
65.0
938
20.0
939
87.0
1436
47.0
6469
99.0
6477
42.0
6476
47.0
6475
39.0
6479
95.0
1445
184.0
1448
45.0
1442
76.0
1441
35.0
915
33.0
916
156.0
910
44.0
911
93.0
6480
32.0
6482
31.0
1451
56.0
988
106.0
981
138.0
964
29.0
960
35.0
954
154.0
951
30.0
953
259.0
952
32.0
1404
40.0
3683
32.0
3684
201.0
3676
30.0
4292
50.0
4291
34.0
4294
106.0
3690
149.0
4298
78.0
4297
156.0
3686
20.0
3688
73.0
5803
33.0
3698
50.0
5800
40.0
5807
65.0
996
125.0
998
24.0
999
1633.0
2508
35.0
2500
44.0
3633
295.0
2503
40.0
2516
42.0
2518
153.0
2512
71.0
3662
132.0
3660
162.0
2529
65.0
2528
44.0
3658
35.0
3659
96.0
3656
41.0
3653
39.0
2538
22.0
3668
261.0
2537
53.0
2531
25.0
5735
27.0
2438
89.0
2435
21.0
3723
61.0
4206
95.0
5737
353.0
3722
55.0
5732
34.0
2431
39.0
5739
31.0
7067
46.0
2440
63.0
5740
25.0
7066
356.0
5741
21.0
4217
66.0
2425
42.0
4218
39.0
4219
41.0
3713
67.0
2420
82.0
5745
90.0
2421
110.0
4216
52.0
2423
192.0
2428
48.0
3717
119.0
7073
172.0
7075
67.0
5751
39.0
4220
58.0
7076
76.0
2430
32.0
5754
47.0
2456
630.0
4227
635.0
3741
189.0
3740
38.0
5757
76.0
4228
198.0
2457
20.0
5759
87.0
3748
24.0
7041
219.0
4230
26.0
7048
170.0
2463
100.0
7046
25.0
5762
1227.0
5763
22.0
2460
27.0
3730
1289.0
4236
41.0
4237
20.0
2444
95.0
2445
111.0
4239
64.0
2446
35.0
3736
35.0
5768
85.0
2449
74.0
7051
103.0
7050
46.0
7052
295.0
7059
22.0
5770
40.0
4241
258.0
7055
314.0
4242
83.0
7057
29.0
2451
20.0
4244
137.0
7056
44.0
7988
1251.0
7989
37.0
7986
41.0
7987
80.0
2477
26.0
2475
155.0
2484
20.0
7993
251.0
5706
27.0
5704
27.0
7975
189.0
7977
184.0
5703
48.0
4258
22.0
2464
195.0
2466
102.0
2471
311.0
2472
88.0
4265
20.0
4266
104.0
2473
24.0
7984
35.0
4263
20.0
2470
72.0
5717
34.0
3706
349.0
3705
90.0
2498
254.0
7969
135.0
4268
118.0
5712
161.0
7966
302.0
3702
380.0
5714
62.0
7964
34.0
3701
34.0
4273
34.0
7974
25.0
4274
42.0
7973
34.0
4271
35.0
4278
374.0
4276
158.0
7088
49.0
7085
53.0
7086
45.0
7080
780.0
5729
22.0
2487
32.0
7955
173.0
5725
26.0
7961
28.0
2490
121.0
4284
73.0
7962
77.0
5730
134.0
7091
44.0
7092
38.0
4281
75.0
1396
87.0
7952
29.0
6420
41.0
7946
190.0
6418
67.0
1382
889.0
1383
111.0
7941
22.0
6403
120.0
7933
104.0
6404
114.0
7938
111.0
6406
61.0
1375
623.0
7936
48.0
6409
39.0
1377
213.0
7930
105.0
7921
138.0
7920
40.0
7922
24.0
7916
80.0
1397
61.0
7913
341.0
7918
606.0
5785
29.0
6462
76.0
1351
38.0
6463
21.0
1350
93.0
6464
214.0
6465
125.0
7907
27.0
7018
233.0
6459
32.0
1346
27.0
1344
89.0
7904
64.0
7905
25.0
5794
147.0
6450
74.0
7032
59.0
5796
45.0
6453
72.0
6454
55.0
7039
120.0
5792
52.0
7036
53.0
6456
243.0
5791
50.0
6446
152.0
1337
292.0
1338
108.0
6448
101.0
5786
20.0
5787
197.0
5788
35.0
6444
61.0
1370
40.0
7003
191.0
6442
2074.0
1374
186.0
7000
184.0
7001
63.0
1371
196.0
1364
284.0
5798
493.0
1369
21.0
6434
51.0
7012
33.0
4201
36.0
7010
35.0
1362
60.0
6430
65.0
6428
78.0
1356
51.0
6425
20.0
7009
47.0
6424
76.0
804
30.0
805
165.0
802
24.0
1317
50.0
1315
39.0
1314
28.0
1313
437.0
158
32.0
156
78.0
154
92.0
6350
220.0
6354
49.0
1325
237.0
169
156.0
1327
277.0
1326
20.0
6362
57.0
161
151.0
162
90.0
6366
29.0
6368
42.0
825
76.0
822
330.0
177
58.0
176
752.0
820
33.0
170
66.0
171
197.0
6376
35.0
175
473.0
6373
26.0
172
120.0
6372
36.0
6370
939.0
1307
44.0
1306
51.0
813
112.0
814
135.0
817
79.0
1300
320.0
189
110.0
181
109.0
182
130.0
6389
118.0
183
117.0
6385
68.0
809
27.0
6381
20.0
116
87.0
117
25.0
114
138.0
110
134.0
849
31.0
119
29.0
6392
50.0
6390
29.0
6398
44.0
6399
44.0
125
139.0
128
102.0
122
44.0
124
20.0
839
57.0
129
5229.0
134
110.0
132
210.0
863
57.0
862
37.0
869
29.0
868
27.0
866
21.0
130
53.0
852
2285.0
149
82.0
855
29.0
858
20.0
859
144.0
142
110.0
887
20.0
882
133.0
4199
22.0
4198
34.0
4194
77.0
4196
45.0
876
48.0
873
63.0
4186
26.0
4187
148.0
4182
66.0
4180
296.0
4173
108.0
4175
62.0
896
35.0
197
41.0
3781
52.0
2404
125.0
2403
28.0
2400
174.0
2408
45.0
2407
58.0
3791
53.0
3794
21.0
2414
79.0
3788
474.0
3787
153.0
2417
49.0
3754
211.0
3759
331.0
3762
22.0
3767
20.0
3768
57.0
3869
50.0
4105
29.0
2334
30.0
2332
50.0
2333
467.0
4104
25.0
4108
360.0
7896
201.0
7169
95.0
7895
33.0
2342
48.0
4113
39.0
7167
21.0
2341
135.0
7165
27.0
7164
25.0
7891
21.0
4114
181.0
4115
37.0
5644
51.0
2324
196.0
7876
58.0
2327
24.0
5647
560.0
7883
32.0
7179
37.0
7885
24.0
5652
105.0
4121
138.0
4124
130.0
4123
331.0
7882
74.0
7171
22.0
3844
30.0
5617
108.0
2314
45.0
3843
31.0
2313
115.0
7187
1861.0
7181
184.0
7184
80.0
7183
24.0
3837
42.0
3839
170.0
3835
25.0
2306
221.0
5624
103.0
2302
275.0
3830
32.0
5621
53.0
7198
22.0
4102
305.0
4101
57.0
7849
25.0
2378
34.0
2377
47.0
7845
190.0
3824
783.0
7844
69.0
3827
62.0
3826
65.0
2381
111.0
2380
320.0
7850
39.0
2385
225.0
7837
59.0
2368
34.0
2367
468.0
7833
91.0
7834
106.0
3814
686.0
5609
74.0
3815
29.0
5607
50.0
3817
201.0
5608
24.0
3819
235.0
4162
72.0
4163
26.0
2371
63.0
2373
278.0
4168
1658.0
7869
238.0
4125
34.0
3809
78.0
3808
64.0
3805
72.0
2364
71.0
4132
196.0
2361
20.0
7875
725.0
7872
36.0
7854
353.0
7855
62.0
2347
138.0
2343
176.0
4144
67.0
4145
22.0
2352
28.0
7864
75.0
1293
45.0
1296
26.0
1297
53.0
7808
32.0
7809
36.0
7801
189.0
1285
95.0
7101
54.0
1273
25.0
7103
30.0
7831
99.0
109
414.0
106
22.0
103
116.0
1269
26.0
7823
20.0
1268
130.0
101
541.0
1267
135.0
1266
86.0
1265
175.0
7827
20.0
1261
53.0
7112
75.0
2396
109.0
2395
438.0
1263
29.0
2393
42.0
7115
59.0
1260
528.0
7811
53.0
7816
73.0
1257
64.0
2387
42.0
2388
111.0
6324
43.0
5680
35.0
6321
85.0
5685
34.0
5684
109.0
7122
212.0
1250
24.0
5678
82.0
5679
81.0
1243
123.0
1244
24.0
7118
59.0
6317
35.0
6316
37.0
6315
66.0
6311
176.0
5690
35.0
7135
21.0
6313
26.0
7136
103.0
1240
74.0
7134
42.0
5697
83.0
7131
44.0
6308
33.0
6307
32.0
1236
56.0
6306
103.0
7129
27.0
7128
129.0
7142
24.0
5664
31.0
7143
91.0
7144
505.0
5662
22.0
7146
387.0
7147
143.0
1227
21.0
6338
2126.0
1225
21.0
1222
21.0
7151
112.0
7156
109.0
1220
26.0
6330
41.0
7159
31.0
6334
30.0
7157
210.0
6335
34.0
5669
86.0
1210
115.0
5665
35.0
1212
101.0
903
64.0
906
47.0
900
265.0
8010
80.0
8015
58.0
8012
128.0
748
34.0
746
133.0
745
28.0
749
41.0
742
31.0
8025
215.0
8023
562.0
736
28.0
730
75.0
8032
62.0
8034
37.0
8038
45.0
729
22.0
726
86.0
723
95.0
720
494.0
8040
64.0
8047
96.0
8046
578.0
8045
271.0
711
42.0
8059
187.0
8052
58.0
8050
112.0
4963
38.0
4962
330.0
700
22.0
4966
26.0
703
157.0
707
31.0
708
26.0
8069
236.0
8064
35.0
8065
48.0
8063
46.0
4980
217.0
4981
34.0
4972
55.0
4973
45.0
4975
47.0
4978
196.0
8077
327.0
4993
90.0
8070
36.0
4985
247.0
8089
24.0
8087
45.0
4996
26.0
1209
242.0
2749
23.0
2742
24.0
3005
60.0
2740
57.0
3003
108.0
3009
22.0
2743
29.0
3881
63.0
3012
27.0
3011
137.0
3883
65.0
2750
59.0
3884
1218.0
3891
40.0
3002
476.0
3892
190.0
3898
132.0
2766
428.0
3029
299.0
7799
101.0
2765
459.0
3897
25.0
3895
87.0
2770
57.0
798
361.0
2776
96.0
793
229.0
2780
82.0
3024
35.0
781
27.0
3047
23.0
785
184.0
786
78.0
788
72.0
2705
54.0
2709
26.0
2708
28.0
3053
53.0
780
284.0
3054
32.0
772
377.0
773
30.0
776
56.0
2712
72.0
2713
24.0
778
51.0
779
36.0
2719
41.0
3044
118.0
763
123.0
2721
21.0
2722
75.0
766
39.0
2729
113.0
2727
83.0
3072
49.0
3073
29.0
2733
97.0
3058
25.0
2730
54.0
2736
83.0
2738
83.0
8006
20.0
3066
49.0
3061
79.0
3062
21.0
1198
498.0
3086
20.0
7753
332.0
4494
105.0
4491
175.0
7752
136.0
7751
39.0
4492
20.0
1193
30.0
3082
251.0
6619
43.0
3929
48.0
3924
39.0
6612
425.0
6611
320.0
6614
127.0
3921
294.0
6613
35.0
7745
197.0
6616
27.0
6615
42.0
1186
106.0
7741
51.0
1182
38.0
7740
552.0
3090
31.0
3913
26.0
6602
40.0
1179
28.0
6606
95.0
4499
36.0
3946
69.0
3940
43.0
7729
60.0
3944
22.0
7723
255.0
3943
780.0
7721
108.0
3935
30.0
3938
110.0
7719
31.0
3939
27.0
7715
71.0
3930
39.0
7711
43.0
3932
125.0
7713
37.0
7790
424.0
2682
34.0
2681
90.0
7798
20.0
4448
50.0
2677
215.0
3961
324.0
4444
83.0
3968
105.0
5510
24.0
7782
35.0
7784
535.0
7785
72.0
5507
125.0
7777
49.0
2668
39.0
7779
81.0
5502
99.0
4457
60.0
5501
49.0
2664
98.0
5500
24.0
2665
971.0
3951
107.0
3957
38.0
5508
73.0
3959
69.0
7776
100.0
4470
2140.0
7773
84.0
7774
24.0
3991
30.0
7771
35.0
4475
72.0
4474
66.0
5514
220.0
4467
30.0
3989
65.0
3986
30.0
4482
209.0
7765
49.0
4485
253.0
2692
56.0
2691
41.0
2693
23.0
4479
33.0
2688
53.0
5529
113.0
3978
130.0
4409
24.0
4404
45.0
5537
47.0
6699
162.0
5538
24.0
1105
54.0
4406
44.0
5535
28.0
5536
29.0
1103
74.0
4403
27.0
5534
422.0
1101
31.0
5542
24.0
5540
48.0
5548
151.0
6689
28.0
4418
20.0
4416
34.0
4421
93.0
6692
23.0
6694
60.0
6695
79.0
6696
21.0
1125
81.0
4424
71.0
4427
1209.0
6679
44.0
1129
27.0
6686
22.0
5565
56.0
1132
50.0
5564
106.0
6681
217.0
5562
22.0
4436
90.0
5566
39.0
1112
33.0
4433
21.0
1115
46.0
6667
37.0
6666
54.0
6673
47.0
6675
58.0
5574
22.0
6670
60.0
4440
63.0
4441
117.0
5575
125.0
6655
63.0
6659
89.0
7709
20.0
6661
149.0
1154
280.0
5582
56.0
5580
209.0
5581
61.0
5589
57.0
1135
41.0
1141
31.0
1143
74.0
6651
106.0
1168
26.0
1167
72.0
5599
74.0
1166
20.0
6635
649.0
3905
22.0
3904
264.0
6643
31.0
1172
98.0
6642
20.0
1170
22.0
6640
30.0
1173
47.0
6626
74.0
6629
25.0
6630
195.0
1161
146.0
600
52.0
609
172.0
605
1887.0
602
32.0
623
40.0
622
26.0
620
67.0
629
20.0
612
48.0
616
74.0
615
58.0
6595
20.0
3111
26.0
6593
135.0
6599
41.0
6597
40.0
6590
48.0
3107
226.0
6589
61.0
3102
25.0
3100
60.0
687
1364.0
686
64.0
689
21.0
7678
73.0
2645
45.0
683
64.0
3149
31.0
3147
31.0
684
31.0
2640
50.0
2649
145.0
3153
48.0
3151
50.0
7687
116.0
7685
81.0
3139
35.0
2655
140.0
677
308.0
2657
35.0
679
68.0
7690
36.0
3142
123.0
3145
84.0
2660
31.0
7694
69.0
2661
75.0
7697
41.0
7699
334.0
7698
23.0
3140
213.0
3126
55.0
3995
145.0
3994
40.0
3128
253.0
2622
49.0
2627
45.0
2626
67.0
3130
37.0
3132
1907.0
3131
1362.0
3114
37.0
694
105.0
2632
39.0
2631
150.0
2634
20.0
3117
56.0
3119
108.0
698
21.0
2636
23.0
697
34.0
2638
248.0
692
441.0
3122
66.0
2609
638.0
649
901.0
2602
21.0
2600
226.0
644
75.0
2601
53.0
3196
49.0
3191
57.0
2615
123.0
636
41.0
633
21.0
632
68.0
2614
182.0
630
195.0
2610
106.0
3181
1407.0
666
385.0
3171
48.0
3177
151.0
3176
67.0
3170
71.0
651
41.0
3157
79.0
650
22.0
655
49.0
656
29.0
3166
298.0
4399
441.0
1099
128.0
4397
87.0
7607
44.0
1971
54.0
1972
34.0
1084
348.0
1083
24.0
7600
45.0
1088
67.0
1990
481.0
1078
1413.0
1980
134.0
1079
88.0
1981
26.0
1985
124.0
1988
20.0
1077
44.0
4373
29.0
7630
45.0
6500
58.0
1995
51.0
7625
200.0
1996
24.0
7629
31.0
2598
93.0
1992
20.0
7628
65.0
1994
56.0
4386
42.0
1064
79.0
4388
83.0
1062
57.0
1061
22.0
4383
26.0
2586
104.0
7617
119.0
4378
22.0
2588
88.0
7654
59.0
7655
40.0
2584
30.0
4354
33.0
4347
29.0
4349
39.0
7643
52.0
7644
519.0
2571
122.0
5410
44.0
2570
54.0
4366
60.0
4365
227.0
4356
46.0
7639
28.0
5402
35.0
4358
34.0
7634
68.0
2562
119.0
2561
52.0
7676
20.0
2559
67.0
4327
107.0
7667
207.0
2557
340.0
2552
185.0
7660
685.0
2551
91.0
7661
62.0
4344
30.0
4343
151.0
7664
47.0
2546
221.0
7658
155.0
2548
20.0
2541
25.0
2542
121.0
4336
37.0
4337
21.0
4301
358.0
1004
24.0
4306
294.0
4308
112.0
1005
26.0
5438
34.0
4309
29.0
5440
32.0
6564
810.0
1011
126.0
1010
25.0
5443
25.0
5445
56.0
6546
70.0
6545
26.0
4318
56.0
6547
122.0
1904
49.0
1905
47.0
1908
24.0
6552
45.0
6554
59.0
4322
176.0
6551
125.0
5416
80.0
6578
52.0
1913
57.0
1911
123.0
6580
170.0
5422
162.0
6584
96.0
6585
32.0
6586
209.0
5428
146.0
1920
167.0
6569
21.0
1921
96.0
5424
25.0
5425
36.0
1926
55.0
1923
101.0
5431
2362.0
6570
116.0
6571
51.0
5433
52.0
6573
1314.0
1936
42.0
1934
123.0
1933
98.0
1938
344.0
1047
114.0
6519
29.0
5479
63.0
1046
70.0
5478
24.0
1930
72.0
1049
88.0
5481
29.0
5485
62.0
5486
41.0
1053
102.0
1947
30.0
1946
149.0
1949
21.0
6509
46.0
1037
96.0
1039
82.0
1941
20.0
1942
151.0
5496
70.0
1042
34.0
1044
216.0
5490
106.0
1959
24.0
6536
37.0
1952
20.0
1950
57.0
6538
138.0
5457
54.0
5462
184.0
1966
198.0
1016
44.0
6524
190.0
1962
71.0
6526
45.0
1018
184.0
1013
265.0
6527
24.0
6528
75.0
5469
130.0
1960
141.0
5476
87.0
5477
258.0
6530
48.0
5473
35.0
6532
62.0
