8226
118.0
8220
63.0
3282
149.0
6874
21.0
5372
25.0
6872
324.0
5371
90.0
3285
58.0
3288
23.0
3287
978.0
531
182.0
3278
27.0
6868
30.0
535
85.0
2952
929.0
1822
20.0
6866
117.0
539
165.0
1826
66.0
2956
46.0
1823
42.0
2958
20.0
8217
329.0
8219
27.0
6094
311.0
6095
388.0
8213
27.0
8212
77.0
8210
93.0
5360
122.0
5363
747.0
5362
47.0
6885
46.0
6097
65.0
5365
40.0
5364
27.0
5366
29.0
2940
228.0
6879
119.0
2
301.0
1
1424.0
544
40.0
6
54.0
6875
108.0
5
49.0
2948
47.0
548
52.0
2947
317.0
9
1104.0
1814
40.0
1817
35.0
1818
83.0
6080
95.0
8242
501.0
8247
167.0
6085
29.0
8249
182.0
8248
4243.0
5356
36.0
5355
1282.0
5353
89.0
5352
61.0
5351
110.0
513
48.0
1843
40.0
512
49.0
1841
44.0
510
22.0
5349
285.0
1840
107.0
2978
56.0
1846
62.0
6072
218.0
6073
118.0
6075
297.0
5345
25.0
2100
373.0
1830
182.0
2965
544.0
524
60.0
2963
26.0
528
27.0
1836
51.0
7599
87.0
3240
237.0
2111
152.0
5331
39.0
3244
97.0
5332
34.0
7591
41.0
2992
48.0
5327
29.0
2104
20.0
572
63.0
2101
42.0
5324
1012.0
2108
657.0
5329
675.0
2998
39.0
2999
56.0
3251
53.0
7587
392.0
3254
29.0
5321
20.0
2990
596.0
7582
228.0
2989
31.0
5314
25.0
2113
24.0
584
39.0
5316
346.0
2982
208.0
2116
28.0
5317
145.0
2988
28.0
2118
50.0
589
46.0
2986
71.0
3263
52.0
2133
35.0
7572
104.0
2132
40.0
7574
213.0
2130
1232.0
3260
400.0
7578
189.0
8200
72.0
8202
45.0
8204
45.0
1803
104.0
1802
78.0
559
33.0
2129
21.0
556
128.0
5308
53.0
554
71.0
3257
166.0
550
24.0
551
62.0
7562
64.0
2142
90.0
2141
69.0
3274
145.0
7560
38.0
3275
143.0
3272
71.0
7564
113.0
569
239.0
7558
34.0
568
537.0
2134
141.0
561
77.0
562
298.0
2135
94.0
563
27.0
2136
45.0
3267
28.0
6017
95.0
6019
83.0
6025
110.0
6020
209.0
3200
798.0
6022
86.0
1894
62.0
3201
26.0
1895
30.0
1892
206.0
1898
50.0
1899
57.0
3206
30.0
6007
71.0
3208
115.0
8297
26.0
8299
21.0
2161
95.0
6015
28.0
8293
1822.0
8296
1112.0
6011
21.0
8290
30.0
2164
47.0
3219
21.0
6801
451.0
2168
1056.0
6803
69.0
6804
131.0
6807
116.0
3222
710.0
2174
48.0
2175
258.0
2177
174.0
2173
88.0
6005
214.0
3227
100.0
6815
1310.0
3224
58.0
3225
37.0
3226
157.0
6813
242.0
6818
192.0
2187
41.0
3230
48.0
3233
29.0
3232
22.0
2914
200.0
1867
22.0
2912
83.0
2918
33.0
6829
49.0
6826
114.0
6827
63.0
1864
37.0
2911
331.0
1863
59.0
6821
118.0
6822
39.0
6823
31.0
6069
32.0
2193
26.0
2195
54.0
6065
34.0
2196
800.0
6064
45.0
2199
116.0
2198
46.0
6060
68.0
6062
22.0
8269
85.0
2191
76.0
2190
179.0
505
72.0
2901
66.0
2902
32.0
504
159.0
2905
147.0
2908
117.0
6838
27.0
6833
29.0
1853
63.0
500
161.0
8250
22.0
8252
25.0
6055
162.0
8257
22.0
6051
85.0
6050
79.0
8255
246.0
4709
2196.0
4708
23.0
1889
34.0
2935
225.0
2932
55.0
1886
86.0
6039
59.0
2933
641.0
1885
96.0
6843
44.0
4701
250.0
1887
864.0
6846
46.0
4700
44.0
1881
147.0
1883
28.0
6849
68.0
8281
64.0
6850
40.0
8284
42.0
6046
30.0
8282
276.0
6049
32.0
6851
47.0
8288
77.0
8286
42.0
2927
31.0
2928
196.0
2929
20.0
2923
86.0
4719
1006.0
4712
86.0
6855
71.0
2920
214.0
1875
513.0
4714
484.0
1874
70.0
1873
134.0
1872
33.0
4711
140.0
6858
69.0
6033
27.0
1880
105.0
6032
84.0
8270
60.0
6038
29.0
8274
135.0
8275
61.0
4616
29.0
4615
30.0
4610
137.0
4617
153.0
4604
42.0
4606
22.0
4609
149.0
4640
140.0
4634
43.0
4631
227.0
4637
308.0
4621
31.0
4623
254.0
4625
29.0
4627
195.0
4628
224.0
4657
75.0
4647
93.0
4642
75.0
4644
86.0
4681
25.0
4683
1017.0
4682
113.0
4678
28.0
4675
78.0
4679
34.0
4673
115.0
7537
112.0
7539
350.0
4699
202.0
7541
152.0
7542
20.0
7546
102.0
4688
157.0
7551
76.0
4692
246.0
7553
32.0
7517
110.0
7513
198.0
7514
144.0
7515
29.0
7520
70.0
7523
75.0
594
238.0
599
25.0
7527
533.0
7525
50.0
7534
94.0
593
31.0
7501
101.0
7504
21.0
7502
35.0
7508
124.0
7506
30.0
7512
328.0
7510
204.0
5379
100.0
5386
31.0
5393
145.0
5394
33.0
5399
46.0
5391
89.0
5392
150.0
6770
32.0
5234
87.0
6771
43.0
5232
102.0
6774
21.0
6772
33.0
8122
73.0
8123
86.0
7493
469.0
7492
50.0
8118
48.0
8119
1556.0
1729
229.0
1725
24.0
6768
25.0
1722
183.0
2854
75.0
6767
36.0
2853
408.0
2206
38.0
6766
96.0
5229
116.0
1721
242.0
5227
20.0
2203
228.0
5225
408.0
5226
22.0
2851
50.0
7486
29.0
7485
33.0
2221
65.0
7489
54.0
5220
168.0
8117
117.0
1717
32.0
409
57.0
1718
188.0
408
34.0
2849
49.0
1713
65.0
1714
85.0
2847
102.0
2216
29.0
401
44.0
6777
23.0
400
1896.0
2844
597.0
1710
80.0
6776
113.0
6779
281.0
2217
51.0
402
112.0
2213
313.0
5252
60.0
5251
34.0
5254
40.0
8106
61.0
418
135.0
417
105.0
1708
91.0
1706
60.0
410
86.0
6748
865.0
6747
38.0
414
39.0
2831
2413.0
413
146.0
2834
110.0
411
469.0
6763
82.0
5243
50.0
5245
34.0
2826
187.0
2824
94.0
428
68.0
2829
88.0
6759
53.0
5238
59.0
420
99.0
425
25.0
6756
30.0
7450
30.0
2253
25.0
3387
827.0
3380
103.0
7456
34.0
7457
34.0
436
32.0
431
32.0
3377
54.0
2896
28.0
430
53.0
2891
271.0
3393
54.0
7443
1086.0
2260
41.0
3392
49.0
2888
105.0
2889
317.0
7438
70.0
446
64.0
2255
208.0
441
50.0
2882
50.0
442
145.0
2257
162.0
2883
208.0
7470
83.0
7477
29.0
6796
45.0
3361
70.0
5212
22.0
7472
289.0
3362
77.0
7473
238.0
2231
112.0
5210
24.0
2224
26.0
2872
322.0
454
192.0
2222
63.0
5203
211.0
452
50.0
2229
25.0
456
292.0
2227
86.0
2878
161.0
5207
34.0
2879
20.0
459
52.0
7467
589.0
7463
321.0
2870
69.0
2241
70.0
3376
37.0
2240
46.0
5202
548.0
2862
564.0
462
96.0
2863
65.0
3367
170.0
464
22.0
466
355.0
2237
50.0
7459
113.0
2868
27.0
3339
61.0
3337
37.0
2296
216.0
3342
135.0
3340
25.0
2298
104.0
2294
55.0
1799
37.0
1798
100.0
1795
25.0
3347
38.0
1794
23.0
8191
149.0
3352
70.0
8193
73.0
8192
27.0
8196
45.0
2267
68.0
2269
57.0
1784
111.0
3312
94.0
2270
21.0
8184
108.0
2272
122.0
8180
28.0
2275
56.0
8188
321.0
3322
72.0
1771
884.0
3325
325.0
1772
121.0
3326
52.0
1777
56.0
1778
54.0
3328
66.0
2286
47.0
3332
113.0
8171
59.0
2285
39.0
8170
99.0
8179
99.0
2811
40.0
2812
59.0
1766
41.0
6727
63.0
1762
78.0
6729
77.0
2815
69.0
1768
31.0
2816
58.0
8169
165.0
8162
393.0
1755
173.0
1754
219.0
2800
75.0
1752
1132.0
3301
39.0
3300
37.0
6736
896.0
2806
54.0
2809
25.0
3309
175.0
8159
22.0
6742
186.0
8151
65.0
8152
1240.0
6704
38.0
1740
42.0
6700
35.0
6701
74.0
1745
23.0
1747
145.0
1748
82.0
8145
20.0
8144
29.0
8140
29.0
1730
1319.0
6714
43.0
6715
81.0
1734
124.0
1733
31.0
6710
36.0
1732
61.0
1731
24.0
1738
52.0
1737
48.0
1736
173.0
1735
164.0
6718
124.0
1739
52.0
6719
24.0
8136
52.0
35
119.0
37
22.0
42
53.0
4513
82.0
4510
90.0
4517
24.0
4515
51.0
28
484.0
32
31.0
4502
50.0
4506
53.0
4505
292.0
18
114.0
4560
97.0
4562
27.0
4554
171.0
4558
88.0
82
91.0
80
82.0
81
94.0
85
54.0
4543
43.0
4544
24.0
4548
77.0
76
32.0
8099
3017.0
59
572.0
57
101.0
8094
496.0
8092
149.0
8095
27.0
8096
267.0
4538
186.0
4539
142.0
1695
87.0
4535
97.0
46
170.0
4530
206.0
4526
34.0
54
148.0
4529
23.0
4599
288.0
487
129.0
485
28.0
484
97.0
489
118.0
483
70.0
4589
22.0
473
72.0
7407
61.0
4587
75.0
7408
126.0
7403
82.0
7413
47.0
7410
128.0
4596
30.0
4597
70.0
470
60.0
472
79.0
2788
420.0
7419
266.0
2783
81.0
4578
119.0
2791
92.0
2792
295.0
4585
35.0
4586
47.0
7421
44.0
4581
23.0
99
465.0
96
187.0
93
203.0
499
35.0
7425
1486.0
4567
62.0
495
136.0
2796
132.0
4566
134.0
2795
43.0
2794
115.0
4565
79.0
4575
20.0
4572
39.0
5263
176.0
5267
74.0
5265
33.0
5269
25.0
5270
245.0
5273
850.0
5276
54.0
5277
37.0
5279
327.0
5281
26.0
5289
338.0
5288
45.0
5286
30.0
5290
97.0
5292
706.0
5298
47.0
5297
632.0
8419
163.0
8416
1454.0
8415
68.0
8417
28.0
3479
130.0
336
93.0
7349
75.0
337
44.0
7356
49.0
3480
24.0
7352
28.0
8424
420.0
8420
123.0
8409
63.0
342
100.0
344
38.0
7337
240.0
348
29.0
7346
36.0
3490
54.0
7345
21.0
3495
86.0
8414
52.0
8438
36.0
315
325.0
7329
60.0
313
137.0
7333
132.0
8442
402.0
8429
29.0
8427
341.0
327
55.0
328
350.0
324
114.0
7321
51.0
7324
58.0
5128
44.0
5126
61.0
7392
154.0
8466
105.0
8468
39.0
8463
25.0
5132
59.0
7399
85.0
5136
60.0
5134
42.0
7397
130.0
5115
22.0
5116
81.0
5117
30.0
305
633.0
308
36.0
309
20.0
8449
598.0
7383
56.0
7382
44.0
1602
30.0
1600
42.0
5106
153.0
5107
63.0
5104
96.0
1608
28.0
7372
79.0
5114
120.0
7374
22.0
5112
138.0
7375
20.0
7378
32.0
7379
332.0
7359
160.0
8475
42.0
7364
69.0
7363
50.0
5102
47.0
7368
21.0
7367
47.0
7366
232.0
4041
92.0
4047
21.0
4046
35.0
4045
115.0
1626
157.0
1628
37.0
4920
118.0
1622
232.0
1621
36.0
4921
115.0
1624
630.0
4922
63.0
6299
134.0
6298
172.0
6293
165.0
1617
37.0
4937
282.0
3407
572.0
1616
45.0
4938
20.0
4939
192.0
3409
22.0
3400
42.0
4026
48.0
1613
96.0
3404
49.0
4932
28.0
1611
465.0
4934
110.0
1610
21.0
4025
76.0
6284
21.0
4022
22.0
6281
285.0
6280
37.0
1647
22.0
4947
34.0
3418
127.0
4948
50.0
4946
148.0
3416
32.0
4019
101.0
3414
64.0
4017
37.0
4018
159.0
3410
44.0
4940
36.0
3430
141.0
4013
238.0
6279
293.0
6278
152.0
6270
459.0
4958
148.0
3429
59.0
3426
240.0
4008
345.0
3428
28.0
3427
130.0
4950
67.0
4951
22.0
1630
115.0
3421
65.0
4006
29.0
3424
111.0
6268
64.0
6262
76.0
6263
82.0
1671
110.0
6265
22.0
3434
782.0
3435
64.0
1663
148.0
3432
148.0
3438
35.0
1665
1100.0
6259
40.0
1666
97.0
1668
101.0
6254
62.0
3443
688.0
1652
72.0
3445
167.0
1651
63.0
3446
34.0
3447
40.0
3448
56.0
6249
20.0
3449
34.0
3464
41.0
6240
35.0
3463
51.0
6242
21.0
1693
187.0
1692
80.0
3461
170.0
3460
53.0
6245
55.0
4902
20.0
1689
86.0
3456
162.0
3457
59.0
3455
44.0
4909
197.0
4905
612.0
3473
40.0
1681
193.0
3472
35.0
3474
43.0
6236
503.0
6233
109.0
6234
22.0
4911
20.0
1677
35.0
6226
114.0
4912
60.0
3465
26.0
3467
263.0
4915
35.0
4914
42.0
4895
137.0
1576
90.0
1575
37.0
6217
97.0
4888
376.0
4889
264.0
1589
38.0
6216
118.0
4884
23.0
1585
20.0
1593
79.0
4892
23.0
4891
70.0
4894
170.0
4893
27.0
6224
91.0
1590
37.0
6223
130.0
1598
54.0
1597
79.0
1599
35.0
4098
20.0
4096
234.0
4093
42.0
6203
27.0
6201
54.0
6200
159.0
4857
150.0
4855
237.0
4854
108.0
4078
22.0
4076
104.0
4846
36.0
4840
38.0
4842
68.0
4083
75.0
4088
164.0
4850
144.0
4087
51.0
4874
85.0
3505
85.0
3508
178.0
3506
27.0
4053
262.0
4051
489.0
4052
35.0
4058
39.0
4880
52.0
4056
44.0
4059
32.0
4865
257.0
4870
1634.0
4871
52.0
5168
33.0
5165
111.0
5162
169.0
5947
2403.0
5177
254.0
5171
27.0
5930
161.0
5932
291.0
5931
44.0
5142
24.0
5971
85.0
5145
291.0
5970
47.0
5966
385.0
5154
64.0
392
48.0
5156
21.0
394
31.0
5961
86.0
396
112.0
5148
43.0
5951
116.0
5954
188.0
398
24.0
5956
114.0
5958
66.0
5994
473.0
383
78.0
384
404.0
381
723.0
5991
622.0
7300
181.0
7303
67.0
5989
145.0
5986
31.0
386
133.0
5981
45.0
7310
49.0
5980
21.0
371
507.0
5983
27.0
7313
21.0
378
64.0
7305
133.0
375
255.0
374
224.0
377
24.0
7308
30.0
5976
31.0
376
29.0
7309
50.0
5181
25.0
362
263.0
366
28.0
365
1130.0
364
114.0
367
46.0
8400
46.0
5191
127.0
5193
40.0
350
33.0
351
54.0
5995
25.0
355
87.0
5999
129.0
359
24.0
7205
84.0
2006
203.0
2005
50.0
8317
77.0
8316
389.0
8318
133.0
8326
65.0
2010
37.0
7210
62.0
7211
151.0
7212
128.0
203
303.0
204
117.0
200
50.0
8308
373.0
8306
73.0
8305
29.0
208
22.0
8310
66.0
8311
631.0
7203
20.0
7201
94.0
3598
42.0
210
48.0
215
185.0
7227
438.0
216
66.0
219
37.0
217
234.0
8302
22.0
7237
159.0
7232
37.0
222
1391.0
7217
55.0
227
92.0
229
231.0
7225
317.0
7223
75.0
2001
75.0
5918
118.0
5916
24.0
7249
104.0
5912
52.0
5910
195.0
7253
92.0
7252
30.0
7256
29.0
8362
116.0
7259
22.0
7258
63.0
8364
36.0
8363
61.0
8367
341.0
5926
75.0
5928
66.0
7238
69.0
7239
47.0
6197
21.0
7248
29.0
8351
118.0
7246
36.0
8354
406.0
6190
906.0
6192
175.0
8359
65.0
6193
175.0
8357
219.0
6195
78.0
8339
32.0
7279
332.0
6994
87.0
6995
66.0
6992
587.0
6990
82.0
7275
75.0
5014
37.0
7276
70.0
7271
29.0
7273
27.0
7272
21.0
8347
46.0
5905
23.0
5906
32.0
5908
104.0
5900
180.0
6997
36.0
6998
22.0
7268
147.0
5000
42.0
7265
84.0
5003
725.0
7262
105.0
7261
83.0
7260
276.0
2090
27.0
7294
73.0
7295
37.0
7292
87.0
7293
34.0
7299
195.0
6163
503.0
2097
243.0
3541
74.0
7296
775.0
6166
20.0
7297
26.0
2094
29.0
6168
307.0
2093
1308.0
6973
39.0
1523
58.0
6963
47.0
4824
32.0
3537
117.0
6965
36.0
6966
70.0
6968
20.0
1520
59.0
3531
21.0
1526
32.0
3539
266.0
4827
61.0
8397
117.0
8398
255.0
7284
61.0
6154
52.0
6153
38.0
8390
22.0
3552
86.0
6152
260.0
8392
120.0
6156
20.0
6981
20.0
1514
23.0
3547
1764.0
6977
74.0
1512
120.0
6974
103.0
3548
168.0
4836
27.0
3543
40.0
3542
76.0
4831
728.0
4838
147.0
1515
69.0
6181
37.0
6183
257.0
2070
66.0
6189
489.0
2074
101.0
8381
178.0
2073
44.0
8382
42.0
2076
104.0
6185
55.0
8380
45.0
6188
77.0
2077
190.0
6946
20.0
6941
663.0
3516
69.0
1501
121.0
3515
34.0
6944
76.0
4807
149.0
4804
548.0
3517
44.0
1509
160.0
4809
246.0
8378
29.0
8379
388.0
6171
88.0
8376
253.0
6962
94.0
6961
40.0
2083
90.0
6179
240.0
8372
90.0
6178
31.0
6177
47.0
2089
21.0
2088
102.0
6176
42.0
2087
35.0
3530
29.0
6958
30.0
6959
76.0
3520
36.0
6956
62.0
4812
20.0
3527
86.0
3526
36.0
3529
118.0
3528
136.0
4816
134.0
1570
188.0
1572
22.0
3583
330.0
6121
213.0
2055
98.0
6122
29.0
1571
40.0
2051
21.0
6928
72.0
6929
103.0
6116
689.0
1569
20.0
6921
20.0
6118
22.0
6924
115.0
3575
33.0
6925
1010.0
6110
88.0
2066
23.0
2067
933.0
3593
312.0
1560
35.0
2062
59.0
2063
67.0
2060
66.0
1557
21.0
6108
62.0
6932
274.0
1558
40.0
6106
25.0
6931
357.0
6105
809.0
6937
97.0
3586
28.0
1554
22.0
2058
59.0
1552
96.0
2032
184.0
3561
1165.0
2033
289.0
6143
670.0
2034
71.0
3560
73.0
6140
106.0
1549
42.0
6909
27.0
6905
96.0
6902
22.0
3556
90.0
1541
38.0
2027
571.0
3554
192.0
2029
47.0
3558
238.0
1547
73.0
6136
23.0
6137
62.0
3572
74.0
3571
109.0
6133
54.0
2045
115.0
3574
203.0
6131
88.0
6918
79.0
6916
21.0
6915
20.0
3564
64.0
1532
47.0
3565
407.0
3567
550.0
6910
96.0
1533
27.0
1475
94.0
1477
42.0
1480
40.0
1481
43.0
1483
40.0
1488
57.0
1487
27.0
4788
37.0
4789
45.0
1491
75.0
4790
114.0
1494
63.0
4792
428.0
1495
70.0
4794
102.0
1459
118.0
4779
264.0
1458
384.0
4776
288.0
1461
95.0
4782
282.0
1462
41.0
4767
75.0
4768
24.0
1466
171.0
5898
29.0
1464
195.0
6100
277.0
1471
32.0
4772
120.0
6101
35.0
3628
34.0
3621
72.0
4754
33.0
3620
185.0
4752
20.0
4759
146.0
4760
21.0
3619
22.0
4741
21.0
3611
24.0
4746
58.0
3614
42.0
4750
59.0
3607
277.0
4736
56.0
3601
24.0
4733
250.0
4732
27.0
1498
206.0
4730
73.0
4740
95.0
4724
177.0
4720
20.0
4722
202.0
285
86.0
5026
146.0
284
63.0
282
227.0
5024
97.0
5844
43.0
288
414.0
5842
40.0
5016
62.0
5848
74.0
5845
25.0
5030
135.0
5034
59.0
271
52.0
5035
45.0
273
51.0
5028
70.0
276
2396.0
5830
112.0
5833
8783.0
277
1149.0
5832
1053.0
5837
21.0
5825
31.0
5820
708.0
5038
74.0
5828
30.0
5050
390.0
5056
99.0
296
90.0
5058
39.0
295
20.0
290
25.0
5055
162.0
5815
72.0
298
124.0
5819
910.0
5065
27.0
5894
24.0
5893
24.0
5888
32.0
5886
160.0
5077
259.0
5881
29.0
230
124.0
5072
400.0
234
270.0
5876
60.0
5878
49.0
262
150.0
260
67.0
5871
33.0
5089
70.0
5086
66.0
5080
78.0
269
31.0
5868
57.0
5865
248.0
266
316.0
5864
96.0
5099
21.0
5098
99.0
5092
64.0
5094
711.0
5090
49.0
257
41.0
5858
77.0
259
595.0
254
149.0
1410
32.0
1415
106.0
941
49.0
1414
47.0
940
206.0
1417
34.0
1416
1099.0
947
39.0
948
52.0
6492
216.0
6490
27.0
6499
34.0
6495
95.0
6494
348.0
931
313.0
932
195.0
939
182.0
1435
20.0
6469
30.0
1431
42.0
1430
41.0
1438
399.0
6470
22.0
6477
87.0
6476
23.0
6479
59.0
1445
1337.0
1448
21.0
1447
23.0
1442
63.0
911
39.0
913
23.0
6483
47.0
1450
24.0
6487
34.0
988
93.0
981
1143.0
970
253.0
968
47.0
964
90.0
962
121.0
960
105.0
954
482.0
953
172.0
1404
45.0
952
116.0
3683
131.0
3684
106.0
4290
305.0
4292
30.0
4294
195.0
3690
216.0
4295
156.0
4298
107.0
4297
107.0
4299
41.0
3686
44.0
3688
98.0
5802
118.0
5803
27.0
3698
433.0
5807
23.0
996
95.0
992
57.0
993
34.0
998
43.0
999
299.0
2500
20.0
3633
69.0
3631
72.0
2504
22.0
2518
138.0
3643
89.0
2512
83.0
2514
41.0
3662
185.0
3660
209.0
2529
63.0
2528
80.0
3658
57.0
3659
254.0
3656
120.0
3657
37.0
3654
29.0
3653
45.0
3668
30.0
2531
20.0
2530
104.0
2532
55.0
5736
50.0
2438
24.0
5735
57.0
4206
24.0
3723
72.0
2435
45.0
5737
276.0
3721
74.0
5733
34.0
5739
39.0
2440
31.0
7067
67.0
7066
384.0
5740
120.0
2425
231.0
4218
72.0
2420
46.0
2421
169.0
4216
29.0
2423
53.0
2428
106.0
7071
40.0
7073
42.0
7075
33.0
5751
25.0
4220
205.0
7076
41.0
2430
27.0
7078
27.0
5754
42.0
2456
35.0
4227
995.0
4224
29.0
3741
124.0
4225
88.0
3740
54.0
5757
219.0
4228
56.0
2457
56.0
3748
93.0
7041
488.0
4230
87.0
7048
57.0
2463
105.0
5761
37.0
5762
239.0
2460
103.0
3730
754.0
4236
149.0
4237
131.0
2444
169.0
2445
23.0
4238
47.0
7998
61.0
2446
68.0
5768
135.0
7051
92.0
7050
76.0
7052
271.0
7059
29.0
5770
25.0
4241
886.0
7055
667.0
7057
21.0
4244
303.0
7056
60.0
7988
1522.0
7987
63.0
4255
55.0
2484
30.0
7993
138.0
5706
22.0
5704
37.0
7975
152.0
7977
121.0
5703
70.0
5700
25.0
2464
678.0
4257
59.0
2466
35.0
2471
1994.0
2472
45.0
4266
153.0
7980
84.0
2474
43.0
2470
32.0
7984
70.0
5717
36.0
3706
882.0
5719
26.0
2499
21.0
2498
272.0
7969
275.0
4268
375.0
3702
51.0
7966
2181.0
5714
104.0
3701
168.0
7974
66.0
7973
51.0
4271
244.0
7089
84.0
4278
466.0
4276
20.0
7088
305.0
7085
37.0
7086
75.0
7080
1335.0
5729
24.0
2487
82.0
7955
64.0
5725
78.0
7961
231.0
2490
573.0
4284
36.0
4285
30.0
7962
50.0
7099
37.0
7096
34.0
7091
92.0
4281
45.0
1396
70.0
7946
1564.0
6418
88.0
1382
353.0
1383
73.0
1385
83.0
1380
74.0
7933
90.0
6403
180.0
1379
20.0
6404
409.0
6406
24.0
7938
337.0
1375
391.0
7936
137.0
1377
340.0
6409
73.0
7930
366.0
7921
315.0
7920
278.0
7922
42.0
7916
210.0
1397
56.0
7913
159.0
7911
28.0
7918
772.0
6462
35.0
1351
93.0
1350
53.0
5781
22.0
6466
42.0
6467
93.0
6464
201.0
7907
109.0
7908
53.0
7018
552.0
6459
32.0
1346
36.0
7904
222.0
7905
88.0
5794
531.0
7035
27.0
6450
253.0
7032
85.0
5796
74.0
5795
61.0
6454
137.0
5792
130.0
6456
331.0
5791
172.0
1335
45.0
6446
154.0
1337
525.0
1338
216.0
6448
177.0
5787
141.0
5788
480.0
1334
22.0
7003
63.0
1370
25.0
6442
558.0
7001
20.0
5799
82.0
1364
104.0
5798
215.0
6434
96.0
7012
339.0
4201
35.0
7010
77.0
1362
66.0
6430
64.0
6428
100.0
6425
49.0
7009
54.0
7008
21.0
804
22.0
805
351.0
1316
82.0
1314
67.0
1313
881.0
1312
70.0
157
523.0
1311
81.0
156
247.0
154
88.0
6350
146.0
6354
283.0
1328
62.0
6358
51.0
1325
64.0
169
331.0
165
31.0
161
66.0
6362
153.0
162
122.0
6368
215.0
824
36.0
822
44.0
827
59.0
176
1089.0
170
136.0
171
103.0
6376
45.0
175
493.0
172
28.0
6373
142.0
6372
66.0
6370
1174.0
1307
70.0
1306
48.0
813
514.0
814
273.0
815
33.0
816
90.0
817
101.0
189
40.0
1300
53.0
6387
32.0
181
45.0
182
238.0
6389
115.0
183
237.0
6385
95.0
116
187.0
114
188.0
112
52.0
110
333.0
849
72.0
847
21.0
6392
104.0
6390
61.0
6398
27.0
6399
64.0
125
40.0
832
27.0
128
40.0
839
36.0
129
3834.0
134
306.0
132
182.0
863
115.0
862
246.0
869
214.0
868
59.0
866
90.0
130
193.0
144
160.0
852
5444.0
858
25.0
857
102.0
859
97.0
142
49.0
889
33.0
882
114.0
4194
136.0
4196
34.0
4190
31.0
873
127.0
4186
43.0
4187
204.0
4182
82.0
4180
751.0
4173
76.0
4178
67.0
891
23.0
3781
171.0
2404
68.0
2403
28.0
2400
471.0
2408
22.0
2407
50.0
3791
217.0
3794
28.0
2414
310.0
3788
965.0
3787
770.0
2417
167.0
3755
48.0
3759
368.0
3770
24.0
3763
55.0
3764
37.0
3767
41.0
3768
113.0
3869
48.0
4105
109.0
2334
55.0
5635
50.0
2332
25.0
4103
148.0
4104
25.0
2333
30.0
7888
42.0
4108
431.0
3865
40.0
7896
180.0
7168
104.0
7895
30.0
7167
191.0
2342
113.0
4113
265.0
3870
21.0
2341
90.0
7165
67.0
4110
20.0
3858
33.0
4114
61.0
2321
24.0
5644
123.0
2324
323.0
2325
97.0
7876
62.0
2327
63.0
5647
75.0
7883
46.0
7179
31.0
4120
70.0
4121
60.0
4124
43.0
7178
26.0
2330
37.0
5651
24.0
7172
45.0
3848
128.0
5614
24.0
3844
90.0
5617
108.0
3843
47.0
2313
22.0
5613
36.0
7189
22.0
7187
1704.0
7181
142.0
7184
362.0
3837
132.0
3839
221.0
3838
25.0
2304
35.0
3835
85.0
2306
85.0
5624
236.0
2300
23.0
2301
20.0
5621
122.0
2302
224.0
3830
74.0
4102
360.0
4101
184.0
2379
46.0
2378
73.0
2377
71.0
7845
97.0
3824
1198.0
3829
44.0
2381
222.0
7853
42.0
7850
121.0
2380
138.0
2385
295.0
5601
202.0
7837
117.0
2368
85.0
2367
376.0
7833
55.0
7834
146.0
3813
70.0
3814
1063.0
5609
46.0
3815
24.0
5607
27.0
3817
63.0
3819
727.0
4162
221.0
4163
77.0
4164
67.0
2373
257.0
4168
1190.0
7869
124.0
4126
21.0
4125
58.0
3808
80.0
3805
129.0
3803
54.0
2363
51.0
2364
43.0
2361
73.0
4132
213.0
2362
101.0
4130
36.0
7875
1572.0
7872
76.0
7854
29.0
2347
239.0
2343
534.0
1299
27.0
4144
23.0
4145
161.0
2352
70.0
7862
50.0
7864
90.0
1293
75.0
1291
28.0
1296
25.0
1297
52.0
7808
85.0
1289
73.0
7803
25.0
1288
33.0
7801
139.0
7101
151.0
1273
53.0
7831
308.0
109
162.0
106
56.0
7821
26.0
7823
40.0
1268
290.0
1267
293.0
101
862.0
5699
39.0
1266
55.0
1265
365.0
5698
200.0
7827
148.0
1261
316.0
1262
56.0
2396
235.0
7111
98.0
2395
893.0
2394
21.0
2393
76.0
7820
48.0
7115
115.0
1260
151.0
7812
60.0
7811
28.0
7816
287.0
2387
38.0
7815
31.0
2388
66.0
6323
22.0
6324
117.0
5680
20.0
6321
47.0
7120
59.0
7122
100.0
5684
320.0
1250
82.0
5678
78.0
5679
165.0
1243
22.0
7118
70.0
6317
44.0
6316
64.0
6315
60.0
5690
33.0
6311
88.0
6313
210.0
7136
67.0
1240
78.0
5695
20.0
7134
50.0
5697
185.0
1232
36.0
6308
48.0
6307
23.0
1236
58.0
6306
123.0
7129
20.0
7128
328.0
7142
54.0
7144
666.0
5662
85.0
7147
34.0
1227
24.0
7139
25.0
6338
7135.0
1225
119.0
5659
27.0
1222
70.0
7151
1054.0
7150
25.0
7156
112.0
1220
111.0
6330
43.0
7154
30.0
7157
50.0
6334
28.0
6335
60.0
1214
47.0
5669
245.0
6325
22.0
1217
26.0
5665
83.0
1210
90.0
1211
23.0
5667
44.0
5668
23.0
904
57.0
903
54.0
906
102.0
905
31.0
900
84.0
8010
25.0
8015
488.0
8012
220.0
746
37.0
749
33.0
742
441.0
8025
165.0
8023
186.0
736
37.0
8032
147.0
8036
73.0
8035
38.0
8038
42.0
729
22.0
728
41.0
726
187.0
720
324.0
8040
64.0
8047
32.0
8046
1929.0
8045
2072.0
711
70.0
8059
413.0
8052
166.0
8050
306.0
4963
100.0
4962
1556.0
700
24.0
4966
52.0
703
97.0
702
23.0
707
123.0
708
48.0
8068
54.0
8069
31.0
8064
51.0
8063
21.0
4980
256.0
4981
44.0
4972
42.0
4973
30.0
4975
266.0
4976
22.0
4978
22.0
4979
55.0
8077
1044.0
4993
149.0
8070
25.0
8071
300.0
4985
54.0
4986
30.0
8089
91.0
8087
121.0
8084
32.0
1202
46.0
1209
616.0
2749
31.0
2748
38.0
2747
40.0
3005
330.0
3874
26.0
2740
243.0
3009
77.0
3881
163.0
3011
226.0
2750
62.0
3884
280.0
3887
25.0
2754
32.0
2756
22.0
3891
20.0
3002
1823.0
3892
101.0
7799
197.0
3898
136.0
2766
80.0
3029
840.0
2765
108.0
3027
21.0
3897
20.0
3028
849.0
3895
162.0
2770
35.0
3032
27.0
2777
43.0
798
86.0
2776
82.0
796
20.0
2773
44.0
2772
22.0
793
148.0
792
29.0
2780
35.0
3024
33.0
781
63.0
782
33.0
785
255.0
786
109.0
788
169.0
2705
183.0
2709
57.0
2708
86.0
3053
40.0
780
528.0
3054
63.0
3055
57.0
772
45.0
776
41.0
2712
51.0
2713
56.0
778
113.0
2719
59.0
3041
74.0
3043
76.0
3044
78.0
2723
32.0
763
119.0
766
23.0
760
121.0
2729
54.0
2727
259.0
3072
123.0
3073
86.0
2732
40.0
2733
50.0
3058
31.0
2736
61.0
2738
120.0
3066
196.0
3061
173.0
7750
62.0
4495
45.0
1198
1094.0
7753
649.0
4494
139.0
7752
47.0
4491
95.0
3082
296.0
3081
23.0
6619
41.0
3929
20.0
3924
51.0
6612
272.0
6611
452.0
6613
48.0
3921
1011.0
6615
43.0
1186
22.0
1185
32.0
7740
327.0
3097
40.0
3919
203.0
3913
96.0
3915
23.0
1179
109.0
6606
35.0
4499
102.0
3946
25.0
3940
155.0
3943
380.0
7723
550.0
7721
96.0
7720
49.0
3935
41.0
3938
140.0
3939
22.0
7715
38.0
3930
51.0
7711
145.0
3932
32.0
7790
324.0
2682
53.0
2681
105.0
7797
46.0
2677
59.0
4448
45.0
4444
126.0
3961
47.0
4445
39.0
3960
25.0
3968
40.0
5510
34.0
7782
112.0
7784
49.0
7785
190.0
4461
25.0
4460
80.0
5507
64.0
3954
53.0
7777
45.0
5505
89.0
7779
363.0
3950
25.0
5503
25.0
5502
246.0
3952
224.0
4457
280.0
2664
95.0
2665
536.0
5500
54.0
3957
96.0
5508
186.0
3959
51.0
4472
54.0
7776
345.0
7773
28.0
4470
4059.0
7771
340.0
3992
93.0
4475
208.0
3990
20.0
4468
43.0
3982
23.0
5513
103.0
4467
60.0
2696
23.0
3989
32.0
5516
41.0
7767
220.0
4482
809.0
7765
67.0
4485
999.0
2692
83.0
2691
32.0
2693
27.0
2685
21.0
4479
191.0
3973
54.0
5529
101.0
2688
25.0
3978
255.0
7757
78.0
1109
34.0
4405
24.0
5539
36.0
4404
20.0
6699
571.0
1105
29.0
4406
51.0
5535
117.0
1103
139.0
5534
236.0
5543
38.0
5548
59.0
6689
63.0
4418
48.0
6691
113.0
4420
31.0
4421
25.0
6692
72.0
6694
85.0
6695
234.0
6696
77.0
4425
31.0
4427
282.0
6679
31.0
4426
21.0
6678
69.0
1126
29.0
1127
26.0
6677
58.0
5565
34.0
1132
146.0
5564
102.0
5563
44.0
5562
30.0
6681
47.0
5566
48.0
4436
238.0
1112
117.0
4433
128.0
1115
26.0
1117
47.0
4437
35.0
6673
59.0
6671
42.0
4440
72.0
1121
45.0
5575
20.0
4441
258.0
7701
73.0
6658
76.0
7700
51.0
6659
152.0
7709
70.0
6661
275.0
1154
42.0
5584
35.0
1151
33.0
5582
188.0
6665
34.0
1150
21.0
5580
90.0
5581
78.0
6646
29.0
6647
23.0
5589
51.0
1133
37.0
1135
146.0
5596
71.0
1141
37.0
6652
30.0
5591
235.0
6651
52.0
6654
64.0
1169
83.0
1168
59.0
1167
64.0
5599
49.0
6635
74.0
3904
137.0
3909
72.0
1171
20.0
1172
412.0
6640
20.0
1170
30.0
1173
23.0
6626
75.0
6627
28.0
6629
27.0
1160
151.0
1161
229.0
600
35.0
609
269.0
605
3330.0
602
62.0
623
225.0
622
74.0
620
67.0
627
39.0
629
29.0
612
66.0
616
187.0
615
125.0
619
23.0
6593
203.0
6599
103.0
6597
82.0
3107
115.0
3106
78.0
6589
20.0
3102
109.0
3100
30.0
687
2187.0
2647
25.0
686
117.0
2645
149.0
7678
113.0
3149
20.0
2640
20.0
684
88.0
3147
317.0
2649
125.0
3153
27.0
3151
171.0
7687
184.0
7685
333.0
3139
47.0
7689
84.0
677
388.0
2655
83.0
2657
22.0
673
20.0
679
145.0
3142
219.0
2660
111.0
3145
159.0
7697
164.0
7696
54.0
7699
161.0
7698
60.0
3140
583.0
3126
42.0
3995
33.0
3994
103.0
3999
70.0
3128
351.0
2622
333.0
2626
273.0
3130
39.0
3132
1553.0
3131
362.0
2632
46.0
2634
73.0
3117
93.0
3118
20.0
698
117.0
3119
22.0
2636
26.0
697
70.0
2638
107.0
692
63.0
3122
184.0
2609
353.0
2607
28.0
649
2076.0
2602
79.0
643
31.0
2600
530.0
644
124.0
2601
77.0
3196
87.0
3193
22.0
3191
23.0
3192
32.0
3190
29.0
639
33.0
2615
86.0
636
74.0
2614
776.0
630
380.0
2610
129.0
3181
417.0
668
20.0
660
75.0
666
341.0
3171
37.0
3177
154.0
3175
96.0
3176
79.0
651
73.0
3157
47.0
655
32.0
653
46.0
3164
24.0
3166
616.0
4390
38.0
4399
239.0
1099
22.0
4397
50.0
7607
84.0
1970
28.0
1971
63.0
1972
152.0
4389
37.0
1974
56.0
1084
154.0
1083
120.0
1088
156.0
1990
71.0
1086
40.0
1085
22.0
1078
963.0
1980
206.0
1079
50.0
1987
52.0
1985
94.0
1988
20.0
4376
29.0
1077
42.0
4373
62.0
6500
106.0
7630
27.0
1995
53.0
7629
27.0
2598
226.0
1992
26.0
2597
22.0
4386
142.0
1064
96.0
4388
134.0
1062
33.0
1061
100.0
4383
23.0
7621
48.0
4379
70.0
2586
41.0
7616
22.0
7617
24.0
4378
29.0
1056
83.0
2588
76.0
7654
59.0
7655
115.0
2584
70.0
4354
244.0
2582
47.0
4352
22.0
4347
42.0
2576
25.0
4349
73.0
7643
80.0
4361
45.0
7644
128.0
5410
32.0
2571
200.0
2570
29.0
4366
75.0
4365
491.0
7639
58.0
4356
48.0
2564
33.0
4357
63.0
5402
90.0
4358
54.0
2566
25.0
7634
109.0
2562
44.0
2561
88.0
7677
96.0
2559
70.0
4327
83.0
2557
20.0
7667
22.0
2552
134.0
4324
62.0
7660
227.0
7661
325.0
4344
96.0
4343
77.0
7663
29.0
7664
89.0
7666
57.0
2546
159.0
4339
64.0
7656
55.0
7659
23.0
7658
400.0
2548
35.0
2541
44.0
2542
139.0
4336
241.0
4337
117.0
5436
37.0
1004
49.0
4301
70.0
4303
81.0
4306
613.0
4308
116.0
5438
142.0
6556
41.0
5440
24.0
1011
605.0
5443
201.0
1010
62.0
4315
145.0
4312
119.0
4318
115.0
6545
68.0
6547
141.0
1904
35.0
1908
28.0
6554
194.0
4321
96.0
5453
23.0
4322
156.0
6551
611.0
5416
23.0
6578
63.0
1915
38.0
1913
29.0
1911
254.0
6580
101.0
5422
314.0
6583
51.0
6584
105.0
6587
37.0
6585
33.0
6586
197.0
5428
232.0
1920
48.0
6569
32.0
5424
68.0
5425
81.0
1923
192.0
5431
503.0
6570
225.0
6573
848.0
6576
22.0
6577
22.0
1936
87.0
1934
190.0
1933
250.0
1938
38.0
6519
94.0
1047
51.0
5479
27.0
1046
130.0
1045
52.0
5478
42.0
6514
23.0
6515
96.0
1930
235.0
1049
137.0
5481
44.0
5485
216.0
1053
91.0
5486
52.0
1947
103.0
1946
428.0
6509
84.0
1949
69.0
1035
24.0
1037
35.0
6508
47.0
1039
62.0
1941
128.0
6502
29.0
6504
21.0
6511
55.0
5496
151.0
1042
22.0
1044
241.0
5490
189.0
5491
39.0
1959
148.0
1950
103.0
6538
557.0
5457
61.0
5462
322.0
6541
79.0
1966
34.0
1969
27.0
1962
29.0
1016
58.0
6524
912.0
6526
109.0
1018
195.0
6527
54.0
1013
100.0
6528
21.0
1961
59.0
1015
30.0
1960
206.0
5469
56.0
5474
103.0
5476
88.0
5477
122.0
5471
47.0
5473
127.0
6532
244.0
