8220
78.0
3282
24.0
3281
21.0
6872
43.0
3285
20.0
3287
258.0
3278
20.0
6868
25.0
2952
146.0
539
27.0
2956
46.0
1823
74.0
8217
60.0
8219
52.0
6094
72.0
6095
240.0
8211
35.0
5360
139.0
5363
187.0
6097
55.0
5365
25.0
6881
20.0
2940
153.0
2
54.0
6879
22.0
1
173.0
6
56.0
6875
40.0
5
20.0
2947
82.0
9
183.0
8207
23.0
6080
24.0
8242
71.0
6085
27.0
8248
1504.0
5355
154.0
5353
50.0
5352
29.0
5351
54.0
1843
20.0
512
24.0
2974
20.0
1841
29.0
6886
25.0
5349
71.0
6073
22.0
2100
165.0
1830
46.0
2965
72.0
524
29.0
1836
44.0
3240
85.0
7596
24.0
5332
22.0
2992
44.0
572
89.0
5324
404.0
2108
299.0
5329
203.0
2998
27.0
2999
57.0
7587
22.0
3254
30.0
2990
228.0
7582
37.0
5316
44.0
2982
70.0
5317
75.0
2118
25.0
589
44.0
5319
38.0
2986
47.0
2133
30.0
7572
139.0
2130
156.0
3260
45.0
7578
29.0
1802
44.0
1800
35.0
2129
20.0
7562
30.0
7560
27.0
3275
42.0
569
39.0
568
62.0
2134
107.0
2135
29.0
3267
22.0
6017
50.0
6019
49.0
3200
171.0
6022
36.0
1892
127.0
1899
39.0
3208
22.0
2161
60.0
8293
587.0
8296
105.0
2164
31.0
6801
155.0
2168
148.0
3222
470.0
2174
22.0
2177
35.0
3227
57.0
6815
348.0
3226
45.0
6813
30.0
6818
40.0
2914
43.0
1862
20.0
6826
67.0
6821
29.0
2911
45.0
8262
100.0
2196
164.0
2199
32.0
2198
20.0
2191
32.0
2190
113.0
2901
22.0
2905
54.0
6055
37.0
6050
20.0
4709
181.0
2935
80.0
2932
45.0
2933
93.0
4701
24.0
1887
88.0
4700
40.0
1881
44.0
6849
25.0
8282
53.0
6049
29.0
8286
30.0
6040
30.0
2928
98.0
4719
98.0
4712
56.0
2920
21.0
4714
54.0
1875
81.0
1874
30.0
1873
40.0
6858
37.0
6032
33.0
8274
140.0
4616
34.0
4615
55.0
4610
40.0
4617
38.0
4604
64.0
4609
25.0
4640
34.0
4631
95.0
4637
108.0
4623
57.0
4625
26.0
4627
90.0
4628
40.0
4647
73.0
4642
57.0
4644
44.0
4681
21.0
4683
285.0
4682
77.0
4673
40.0
7539
28.0
4699
29.0
7542
32.0
7546
30.0
4688
63.0
7551
50.0
4692
130.0
7553
30.0
7517
151.0
7513
22.0
594
40.0
7527
45.0
7525
53.0
7534
20.0
7501
25.0
7506
35.0
7512
40.0
7510
34.0
5379
24.0
5389
35.0
5393
96.0
5392
140.0
6771
30.0
5232
44.0
8122
25.0
7493
128.0
7492
63.0
8119
143.0
1722
114.0
6768
30.0
2853
50.0
1721
44.0
2203
68.0
5225
64.0
7486
74.0
7489
30.0
5220
32.0
8113
27.0
409
45.0
1718
51.0
6777
68.0
2216
30.0
1710
98.0
6776
39.0
400
351.0
2844
162.0
402
60.0
2213
73.0
418
31.0
1706
30.0
410
29.0
6748
360.0
414
22.0
2831
449.0
2834
35.0
6763
23.0
5245
20.0
2826
22.0
2824
75.0
428
37.0
5238
32.0
6757
51.0
425
32.0
6756
37.0
2820
22.0
7450
40.0
2253
32.0
3387
76.0
3380
23.0
2249
35.0
3377
38.0
2891
27.0
7445
20.0
7443
241.0
3392
24.0
2259
31.0
2889
31.0
2257
25.0
2883
58.0
7470
43.0
7477
40.0
7472
117.0
3362
21.0
2872
110.0
2229
32.0
456
513.0
2227
39.0
2878
50.0
7467
26.0
7463
38.0
5202
121.0
2862
104.0
3367
37.0
466
52.0
7459
21.0
3337
21.0
2296
41.0
2298
37.0
1798
99.0
8193
95.0
8192
25.0
1784
51.0
3312
25.0
8184
117.0
2272
76.0
8182
27.0
2275
20.0
8188
26.0
1771
118.0
3325
44.0
3326
25.0
1778
20.0
3328
25.0
2287
25.0
3332
42.0
8171
22.0
8170
27.0
8179
37.0
2811
46.0
1765
21.0
2812
20.0
1762
52.0
1768
27.0
8168
20.0
8162
33.0
1754
59.0
2800
65.0
1752
201.0
3301
45.0
3300
27.0
6736
287.0
3309
26.0
2802
20.0
8154
45.0
6742
51.0
8150
24.0
8151
131.0
8152
169.0
1744
30.0
6707
27.0
1730
121.0
6715
45.0
1734
41.0
1736
53.0
6718
75.0
6719
29.0
37
49.0
4510
33.0
4517
24.0
28
98.0
32
22.0
4506
21.0
18
54.0
4562
20.0
4558
39.0
80
24.0
4548
30.0
8099
813.0
59
264.0
57
58.0
8094
137.0
8092
24.0
8096
213.0
4538
143.0
4539
50.0
46
26.0
4530
62.0
53
25.0
4599
32.0
487
29.0
473
20.0
7408
58.0
4587
45.0
7413
36.0
7412
25.0
7410
22.0
4597
40.0
2788
78.0
7419
36.0
4578
37.0
4583
20.0
2792
47.0
99
141.0
96
32.0
93
33.0
7428
29.0
7425
533.0
2796
21.0
2794
39.0
5270
95.0
5273
220.0
5275
20.0
5276
49.0
5279
27.0
5289
71.0
5290
92.0
5292
253.0
5294
25.0
5297
100.0
8419
240.0
8416
278.0
336
67.0
7349
29.0
7356
21.0
8424
45.0
8420
30.0
8409
32.0
7337
20.0
3493
25.0
7342
24.0
3495
37.0
8411
20.0
8438
21.0
315
158.0
310
30.0
7333
56.0
8442
23.0
8427
50.0
328
55.0
324
23.0
5128
32.0
7392
93.0
5132
20.0
7399
63.0
305
269.0
7383
22.0
7382
31.0
1600
46.0
5107
28.0
1608
24.0
5114
80.0
5112
79.0
7379
57.0
7359
71.0
8475
32.0
7366
24.0
4045
35.0
1626
31.0
4920
97.0
1621
26.0
1624
86.0
4922
32.0
6299
30.0
6298
49.0
6293
29.0
6291
26.0
3407
47.0
4937
22.0
4939
46.0
3400
34.0
4931
32.0
1613
20.0
1611
230.0
4025
42.0
6286
31.0
6281
46.0
3418
60.0
4946
32.0
3416
22.0
3414
62.0
4018
34.0
3410
35.0
3430
25.0
4013
74.0
6279
65.0
6270
51.0
3429
31.0
4008
230.0
3428
24.0
3427
41.0
3421
80.0
3424
101.0
6268
44.0
1671
24.0
3434
113.0
3435
35.0
3432
52.0
1663
65.0
1665
325.0
6254
58.0
3443
286.0
3456
67.0
3457
50.0
4909
107.0
4905
137.0
3473
20.0
1681
108.0
6236
169.0
6233
22.0
6234
41.0
3470
30.0
1676
30.0
6226
66.0
1677
40.0
1675
20.0
3467
65.0
4915
37.0
4895
29.0
4888
132.0
4889
45.0
4891
37.0
4894
75.0
1590
20.0
6223
49.0
1599
29.0
4096
20.0
6201
54.0
6200
108.0
4855
154.0
4854
25.0
4076
54.0
4850
110.0
4085
45.0
4874
103.0
4873
34.0
3508
34.0
4051
79.0
4059
52.0
4865
182.0
4870
295.0
5949
22.0
5947
444.0
5177
217.0
5930
156.0
5932
90.0
5145
52.0
5966
85.0
5154
41.0
5961
37.0
5148
33.0
5951
137.0
5954
25.0
5956
44.0
5994
153.0
383
20.0
384
158.0
381
212.0
5991
24.0
7300
101.0
5989
65.0
386
25.0
5985
20.0
5980
36.0
372
25.0
378
54.0
374
41.0
7309
28.0
5976
24.0
365
217.0
364
160.0
5191
26.0
5193
30.0
5995
22.0
2006
82.0
2005
26.0
8317
27.0
8316
157.0
8318
51.0
8322
85.0
7211
42.0
7212
37.0
203
25.0
8308
44.0
8310
40.0
8311
96.0
7201
59.0
3598
27.0
210
44.0
215
73.0
7227
22.0
217
145.0
7237
261.0
222
105.0
229
223.0
7225
262.0
7223
50.0
5918
60.0
5910
64.0
7253
54.0
7252
25.0
7256
22.0
7259
32.0
8367
69.0
5926
40.0
5928
44.0
7239
51.0
7248
20.0
8351
55.0
8354
157.0
6190
118.0
6192
146.0
8359
27.0
6193
22.0
8357
70.0
6195
45.0
7279
34.0
6995
113.0
6992
196.0
5014
34.0
5905
27.0
5000
20.0
7268
35.0
7265
37.0
5003
240.0
7260
27.0
6162
25.0
2097
54.0
6163
99.0
7299
24.0
7296
117.0
7297
22.0
6168
92.0
2093
484.0
6963
30.0
3537
56.0
6966
49.0
6967
31.0
3539
28.0
4827
22.0
8397
112.0
8398
166.0
6152
33.0
8392
54.0
6981
25.0
3547
108.0
3542
22.0
4831
165.0
4838
45.0
6183
37.0
6189
378.0
2074
40.0
2073
85.0
8382
36.0
2076
43.0
6185
40.0
2077
45.0
1501
24.0
6944
42.0
1509
82.0
4809
68.0
8379
50.0
6171
20.0
8376
62.0
6179
29.0
6960
20.0
6177
25.0
6176
20.0
6959
42.0
6956
41.0
1570
73.0
1572
25.0
6121
49.0
3583
41.0
6929
44.0
6116
433.0
6924
40.0
6925
126.0
3593
122.0
2067
224.0
6108
24.0
6932
62.0
6931
298.0
6105
37.0
1554
30.0
2032
25.0
6143
112.0
3561
126.0
2033
312.0
2034
65.0
3556
28.0
2027
44.0
3554
62.0
3558
35.0
1547
43.0
6137
23.0
6134
67.0
3572
54.0
3574
136.0
6918
31.0
6915
42.0
3565
80.0
3567
110.0
1480
40.0
4790
35.0
4792
78.0
1459
67.0
1458
105.0
4776
32.0
4782
142.0
1461
20.0
1466
37.0
5898
20.0
1465
30.0
4764
20.0
1464
125.0
6100
116.0
4772
31.0
6101
40.0
3620
205.0
4759
39.0
3619
35.0
3611
22.0
3614
20.0
3607
72.0
4733
144.0
1498
43.0
1499
21.0
4740
25.0
4724
55.0
4722
428.0
5026
52.0
282
107.0
288
112.0
273
31.0
275
20.0
276
538.0
5833
3523.0
277
93.0
5832
299.0
5837
32.0
5820
159.0
5050
61.0
290
21.0
5055
36.0
5813
28.0
298
32.0
5819
77.0
5894
24.0
5886
46.0
5077
152.0
5072
133.0
234
29.0
5877
20.0
262
27.0
5872
25.0
260
58.0
261
35.0
5089
24.0
5080
22.0
5868
24.0
5865
85.0
266
299.0
5864
90.0
5092
25.0
5094
108.0
259
336.0
254
53.0
1410
40.0
1415
27.0
941
79.0
940
101.0
1416
73.0
948
21.0
6490
57.0
6495
25.0
6494
58.0
931
144.0
939
32.0
6469
23.0
6470
30.0
6477
38.0
6479
39.0
1445
137.0
1442
35.0
910
32.0
6480
25.0
981
117.0
970
50.0
960
44.0
954
57.0
953
148.0
3684
74.0
4290
41.0
4294
79.0
3690
59.0
4298
69.0
4297
42.0
3686
22.0
3688
20.0
5802
21.0
3698
29.0
996
69.0
999
76.0
2518
31.0
2512
45.0
2514
47.0
3662
35.0
3660
176.0
3659
87.0
3653
20.0
2531
30.0
2532
24.0
2438
50.0
5737
35.0
3721
30.0
2431
20.0
7066
88.0
5740
30.0
2425
45.0
2420
20.0
2428
25.0
3717
30.0
7070
20.0
7073
85.0
5751
27.0
5754
20.0
4227
88.0
3741
102.0
4228
34.0
7041
70.0
5762
102.0
3730
458.0
4236
52.0
4237
45.0
2444
30.0
2445
35.0
5768
35.0
7052
141.0
5770
35.0
4241
148.0
7055
113.0
4242
20.0
7056
42.0
7988
871.0
7987
39.0
5706
45.0
7975
87.0
7977
27.0
4258
29.0
2464
67.0
2471
363.0
2472
35.0
4266
37.0
4263
25.0
5717
35.0
3706
59.0
3705
45.0
2498
97.0
4268
48.0
7969
114.0
7966
193.0
4271
42.0
7089
30.0
4278
120.0
7080
428.0
7955
66.0
7961
24.0
2490
73.0
7099
20.0
4281
30.0
1396
41.0
1394
20.0
6420
29.0
7946
119.0
1382
227.0
1383
35.0
7933
52.0
6404
35.0
7938
74.0
1375
188.0
1377
44.0
6409
24.0
7921
47.0
7920
48.0
1397
64.0
7913
189.0
7918
141.0
6462
34.0
1350
66.0
7018
62.0
6459
22.0
5794
79.0
6450
35.0
6454
26.0
6456
88.0
6446
30.0
1337
75.0
1338
30.0
6448
110.0
5787
113.0
5788
150.0
1370
20.0
7003
36.0
6442
55.0
1364
106.0
5798
177.0
4201
20.0
6430
27.0
1362
25.0
6424
29.0
805
77.0
1313
220.0
1312
22.0
157
84.0
156
43.0
154
112.0
6350
46.0
1325
25.0
6358
55.0
169
42.0
1326
24.0
161
44.0
6362
39.0
176
204.0
170
41.0
171
99.0
175
200.0
172
44.0
6373
30.0
6370
111.0
1306
24.0
813
62.0
814
77.0
815
30.0
817
20.0
189
45.0
1300
20.0
181
20.0
182
59.0
183
29.0
6385
25.0
116
31.0
114
42.0
849
21.0
6399
52.0
128
23.0
839
21.0
129
2173.0
134
41.0
132
48.0
863
51.0
852
1065.0
857
32.0
859
96.0
882
66.0
4194
41.0
873
44.0
4180
76.0
4173
27.0
3781
42.0
2404
47.0
2400
65.0
3791
30.0
3788
260.0
3787
64.0
2417
52.0
3759
119.0
3763
20.0
3768
22.0
2334
20.0
2333
35.0
4108
167.0
7896
53.0
2342
29.0
4113
48.0
2341
35.0
4114
75.0
5644
58.0
2324
34.0
2325
20.0
7876
41.0
2327
41.0
5647
25.0
7179
25.0
4120
27.0
4121
54.0
4124
77.0
7882
25.0
3848
27.0
5614
20.0
5617
20.0
7187
591.0
7181
58.0
7184
54.0
3839
23.0
3838
21.0
2306
29.0
2302
132.0
4102
148.0
3824
71.0
7844
86.0
3827
22.0
2381
81.0
2380
115.0
7850
34.0
2385
100.0
2368
25.0
2367
167.0
5606
25.0
7833
25.0
3814
274.0
3819
164.0
7840
25.0
4162
74.0
2373
35.0
4168
892.0
7869
118.0
3805
33.0
2364
32.0
4132
69.0
2361
30.0
7875
335.0
7872
22.0
7854
49.0
2347
79.0
7855
29.0
2343
89.0
7862
22.0
7864
49.0
1293
30.0
1297
25.0
7808
22.0
7809
27.0
7801
100.0
7831
46.0
109
162.0
1268
109.0
101
143.0
1266
27.0
1265
95.0
1261
48.0
2396
83.0
1262
21.0
1263
31.0
2395
103.0
7115
20.0
1260
27.0
7812
40.0
7811
32.0
2388
21.0
6321
20.0
7122
25.0
5684
88.0
1250
59.0
5678
45.0
1243
53.0
1244
42.0
7118
23.0
6311
54.0
7136
29.0
6313
32.0
1240
29.0
7128
87.0
7144
179.0
5662
20.0
6338
905.0
5658
35.0
7151
205.0
7150
20.0
7156
115.0
1220
27.0
7157
70.0
5669
34.0
5667
20.0
5668
27.0
903
79.0
906
93.0
900
29.0
8012
87.0
746
30.0
742
33.0
8025
185.0
8023
136.0
736
73.0
720
149.0
8040
22.0
8047
20.0
8046
771.0
8045
221.0
711
32.0
8059
104.0
8052
20.0
8050
44.0
4962
108.0
700
24.0
703
82.0
707
30.0
8064
26.0
8063
40.0
4980
108.0
4972
27.0
4975
35.0
8077
239.0
4993
20.0
8071
111.0
1209
71.0
3005
110.0
2740
47.0
3009
97.0
3881
31.0
3011
32.0
3884
94.0
3891
32.0
3002
175.0
3892
69.0
3029
39.0
2766
42.0
7799
87.0
3898
67.0
2765
115.0
3028
32.0
3895
29.0
2776
25.0
793
77.0
2780
30.0
3024
20.0
785
31.0
788
35.0
780
74.0
776
25.0
2712
35.0
2719
20.0
3044
93.0
763
64.0
760
37.0
2729
47.0
2727
37.0
3072
21.0
3073
31.0
3066
36.0
1198
102.0
7753
177.0
4491
85.0
7752
55.0
3082
94.0
3924
22.0
6612
181.0
6611
205.0
3921
111.0
7741
42.0
3094
27.0
7740
25.0
3943
425.0
7723
160.0
3938
70.0
7711
22.0
7790
156.0
2681
30.0
2677
30.0
4444
29.0
5510
21.0
7782
37.0
7784
20.0
7785
44.0
4461
25.0
5507
25.0
7777
32.0
5502
42.0
4457
64.0
2665
518.0
5500
34.0
3959
25.0
7776
65.0
4470
1087.0
7771
28.0
4475
25.0
3989
23.0
2699
24.0
4482
99.0
4485
168.0
4479
33.0
3973
32.0
5529
25.0
3978
48.0
4409
43.0
4404
73.0
6699
118.0
5534
114.0
5540
25.0
5548
52.0
6691
21.0
6694
40.0
6695
68.0
4427
35.0
6679
22.0
6678
37.0
5564
44.0
5562
42.0
4436
87.0
1112
76.0
4437
20.0
4441
59.0
6659
30.0
7709
24.0
1154
22.0
5580
27.0
5581
20.0
5589
27.0
6651
24.0
5599
29.0
6635
67.0
3904
87.0
3909
25.0
6643
24.0
1172
80.0
1156
25.0
6630
50.0
1160
31.0
1161
72.0
609
85.0
605
801.0
623
72.0
627
22.0
615
24.0
6593
22.0
6592
22.0
6590
42.0
3107
63.0
687
256.0
2649
57.0
3151
29.0
7687
32.0
7685
78.0
2655
93.0
677
85.0
3142
52.0
2660
60.0
3145
24.0
7697
34.0
7699
101.0
3140
44.0
3994
29.0
3999
25.0
3128
34.0
2622
93.0
2626
20.0
3132
637.0
3131
230.0
3119
44.0
698
22.0
2638
151.0
692
95.0
2609
259.0
649
442.0
2600
26.0
3196
22.0
3191
21.0
2615
82.0
2614
82.0
630
35.0
2610
53.0
3181
212.0
666
216.0
3177
68.0
651
31.0
3157
25.0
3166
64.0
4399
206.0
4397
26.0
7607
25.0
1084
170.0
7600
21.0
1980
29.0
1078
563.0
1079
22.0
1985
86.0
6500
26.0
1995
46.0
2598
46.0
2596
22.0
4385
29.0
1064
56.0
4388
49.0
1062
30.0
1061
57.0
7617
49.0
4378
47.0
7655
22.0
2582
45.0
7644
217.0
4361
70.0
2571
47.0
2570
27.0
4366
37.0
4365
24.0
2564
30.0
4357
20.0
4358
41.0
5402
26.0
2566
20.0
2561
20.0
7677
35.0
4327
42.0
2552
59.0
7660
92.0
4344
29.0
7661
32.0
2551
40.0
4343
24.0
2546
37.0
4339
26.0
7658
62.0
2541
37.0
2542
67.0
4336
27.0
1004
20.0
4306
263.0
4308
42.0
6564
34.0
1011
154.0
5443
49.0
1010
35.0
4315
27.0
4318
32.0
6554
49.0
4322
118.0
6551
34.0
1913
24.0
1911
30.0
6580
74.0
5422
32.0
6584
25.0
6585
21.0
6586
83.0
5428
32.0
1920
37.0
5425
31.0
1926
64.0
1923
24.0
6570
113.0
5431
558.0
6573
425.0
1934
112.0
1933
40.0
1938
20.0
1047
68.0
6514
20.0
6515
29.0
1930
32.0
1049
81.0
5481
29.0
1053
46.0
5486
21.0
1946
23.0
1035
42.0
1037
40.0
6508
35.0
1941
27.0
1039
74.0
6504
31.0
5496
27.0
1042
35.0
1044
68.0
5490
27.0
1959
128.0
6538
96.0
5462
136.0
6541
80.0
6524
118.0
1018
22.0
6526
27.0
1013
110.0
1961
28.0
1960
69.0
5474
25.0
5476
68.0
5477
125.0
5473
46.0
6532
20.0
