8225
153.0
8224
63.0
8227
82.0
8226
112.0
8220
117.0
8223
22.0
8222
23.0
3282
560.0
5373
91.0
3281
119.0
6871
168.0
5372
165.0
6872
378.0
5371
126.0
3286
65.0
5377
54.0
3285
70.0
3288
26.0
3287
1717.0
3278
84.0
531
92.0
2951
304.0
6868
35.0
535
118.0
6866
82.0
2952
1964.0
532
40.0
2954
131.0
539
327.0
2956
79.0
1826
46.0
1823
40.0
537
20.0
2959
106.0
2958
230.0
8217
129.0
1829
31.0
8219
100.0
8216
27.0
6094
439.0
6095
531.0
8213
42.0
8212
150.0
6090
77.0
8210
153.0
3295
75.0
5360
275.0
6883
47.0
5363
649.0
5362
68.0
6885
144.0
5365
64.0
6097
167.0
5364
205.0
5366
37.0
6881
33.0
2940
806.0
2
908.0
6879
356.0
542
30.0
1
2766.0
3289
36.0
544
51.0
2944
48.0
6875
768.0
6
153.0
5
47.0
2942
44.0
548
41.0
2948
955.0
2947
500.0
1814
20.0
9
2681.0
8208
24.0
1817
319.0
8209
21.0
1818
111.0
8207
271.0
8243
365.0
6080
125.0
8242
1000.0
8247
659.0
6085
20.0
8249
48.0
8248
8833.0
5356
24.0
5355
2159.0
5353
61.0
5352
115.0
5351
475.0
513
93.0
1843
41.0
1844
55.0
512
74.0
1841
119.0
511
65.0
510
22.0
6886
57.0
2971
25.0
1840
70.0
2970
325.0
5349
237.0
2973
79.0
1849
28.0
516
71.0
2978
128.0
1848
39.0
1846
233.0
514
60.0
6072
196.0
6073
1936.0
8235
64.0
6074
49.0
6075
564.0
5342
22.0
6077
136.0
5345
224.0
2100
1879.0
2966
117.0
1830
304.0
521
496.0
2965
916.0
1831
38.0
1832
21.0
524
85.0
2963
60.0
2960
50.0
529
42.0
528
53.0
1836
78.0
7599
36.0
3240
179.0
2111
41.0
5331
21.0
5332
24.0
3244
186.0
7596
27.0
2992
167.0
5327
45.0
2104
71.0
572
119.0
2101
270.0
2994
61.0
5324
1869.0
2108
1826.0
576
78.0
5329
1595.0
2998
77.0
2999
139.0
3251
143.0
7587
5402.0
3254
30.0
2990
661.0
7582
343.0
5323
74.0
2989
84.0
5314
33.0
584
60.0
3246
53.0
5316
483.0
2982
219.0
587
100.0
2116
38.0
2988
48.0
5317
505.0
589
254.0
2118
40.0
2986
111.0
5319
148.0
2133
70.0
3263
53.0
7572
246.0
2132
60.0
2130
2253.0
7574
296.0
3260
794.0
3261
35.0
7578
280.0
8200
139.0
8202
92.0
8204
165.0
1803
331.0
1802
80.0
559
53.0
1801
79.0
7569
46.0
2129
114.0
556
116.0
5308
61.0
554
92.0
3257
443.0
2126
25.0
550
54.0
551
70.0
7562
129.0
2142
90.0
7560
89.0
3274
206.0
3272
99.0
3273
552.0
7564
205.0
569
1052.0
7558
116.0
568
196.0
2134
274.0
561
108.0
3269
29.0
2135
330.0
562
556.0
563
48.0
2136
123.0
3267
54.0
2145
20.0
6018
47.0
6017
54.0
6019
46.0
6025
110.0
3200
1497.0
6020
502.0
6021
21.0
6022
163.0
2155
37.0
1894
84.0
3201
48.0
2158
20.0
1895
34.0
1892
479.0
1893
35.0
6009
30.0
6008
35.0
1899
153.0
3206
109.0
6007
194.0
3208
522.0
8299
35.0
6015
241.0
2161
240.0
8293
3651.0
2162
235.0
8296
847.0
2160
106.0
8290
87.0
8292
36.0
2164
49.0
6801
665.0
3217
32.0
2168
1684.0
6803
163.0
2167
20.0
6805
79.0
6804
107.0
6807
157.0
6808
59.0
3222
1405.0
2174
79.0
2175
416.0
2177
217.0
2173
1540.0
6005
121.0
3227
114.0
3228
34.0
3229
23.0
3224
102.0
6815
2071.0
3225
50.0
3226
426.0
6813
126.0
6818
178.0
2187
193.0
3230
49.0
3233
40.0
3232
84.0
2914
145.0
1867
54.0
2912
368.0
1869
39.0
2918
32.0
6829
35.0
2917
24.0
1862
77.0
6826
325.0
6827
41.0
1864
82.0
2910
20.0
1863
123.0
2911
381.0
6821
107.0
6822
37.0
6823
55.0
2193
24.0
8262
200.0
6069
27.0
8263
24.0
2192
32.0
6068
167.0
2195
26.0
2197
85.0
6065
37.0
2196
3148.0
6064
200.0
2199
93.0
2198
72.0
6060
133.0
8269
81.0
6062
39.0
2191
171.0
2190
375.0
505
112.0
2901
222.0
2902
79.0
504
117.0
2905
283.0
2908
217.0
6838
30.0
6833
30.0
1854
41.0
1853
146.0
500
247.0
6832
29.0
8250
76.0
8252
37.0
6056
24.0
6055
302.0
8257
25.0
6050
99.0
8255
457.0
4709
3901.0
1889
44.0
4706
33.0
2935
478.0
6842
30.0
2932
120.0
1886
46.0
6039
92.0
6843
252.0
2933
1111.0
1885
94.0
4701
218.0
1887
490.0
6846
126.0
1881
261.0
4700
58.0
1883
91.0
6849
201.0
8281
942.0
6045
215.0
6047
525.0
6850
198.0
6046
50.0
6049
29.0
8282
277.0
6851
52.0
8288
258.0
8286
2194.0
6040
85.0
2927
285.0
2928
491.0
2929
65.0
2923
145.0
4719
1151.0
6855
121.0
4712
51.0
2920
553.0
4714
991.0
1875
894.0
1874
79.0
1873
236.0
1872
25.0
6858
767.0
4711
114.0
6033
104.0
1880
1048.0
6032
184.0
8270
40.0
6038
255.0
6861
32.0
8274
380.0
8275
170.0
8277
129.0
6030
46.0
4616
86.0
4615
20.0
4610
1463.0
4618
40.0
4617
124.0
4604
124.0
4609
54.0
4640
121.0
4634
185.0
4631
984.0
4637
5213.0
4635
23.0
4630
77.0
4621
55.0
4623
552.0
4625
73.0
4627
225.0
4626
36.0
4628
550.0
4657
109.0
4656
23.0
4647
186.0
4642
106.0
4644
376.0
4645
140.0
4681
32.0
4683
2263.0
4682
594.0
4678
71.0
4675
57.0
4679
62.0
4673
217.0
4666
53.0
7537
240.0
7539
1265.0
4699
128.0
7541
572.0
7542
73.0
7544
25.0
7546
125.0
7547
24.0
4689
30.0
4688
150.0
7551
174.0
7550
24.0
4692
521.0
7553
127.0
7517
562.0
7513
337.0
7514
282.0
7515
124.0
7520
61.0
7523
278.0
594
505.0
598
45.0
7527
684.0
7525
135.0
7534
183.0
7501
78.0
7505
46.0
7504
28.0
7502
100.0
7508
124.0
7506
519.0
7512
407.0
7510
659.0
5379
220.0
5389
37.0
5381
69.0
5393
510.0
5394
77.0
5399
146.0
5391
225.0
5392
600.0
6770
40.0
6771
97.0
5234
75.0
7497
20.0
5232
265.0
6774
43.0
8122
76.0
8121
82.0
8123
100.0
7493
628.0
7492
95.0
8118
61.0
8119
3589.0
1729
345.0
1727
40.0
1725
24.0
2854
109.0
6768
300.0
1722
776.0
6767
77.0
2853
627.0
2206
98.0
5229
153.0
6766
65.0
6765
58.0
1721
282.0
2203
371.0
2201
50.0
5225
391.0
2852
45.0
5226
82.0
2851
34.0
7486
95.0
7485
91.0
2221
85.0
7489
38.0
5220
1178.0
8117
211.0
1717
41.0
409
177.0
1718
345.0
408
111.0
1713
103.0
2849
116.0
1714
121.0
2847
113.0
2216
27.0
6777
111.0
401
55.0
1710
57.0
400
4221.0
2844
1165.0
6776
271.0
2215
89.0
1711
22.0
6779
892.0
2218
49.0
402
118.0
2217
66.0
5217
42.0
2213
436.0
5252
45.0
5251
229.0
5250
25.0
5254
39.0
8106
98.0
8102
31.0
418
231.0
417
348.0
1703
92.0
1708
334.0
1706
116.0
419
22.0
1707
391.0
410
299.0
5247
20.0
6748
2840.0
6747
115.0
414
82.0
2831
9106.0
413
305.0
2834
105.0
411
181.0
6763
47.0
5241
54.0
5243
32.0
5245
959.0
426
29.0
2826
347.0
428
227.0
2824
153.0
2829
157.0
6759
51.0
5237
38.0
5238
94.0
420
23.0
6754
26.0
6757
38.0
6756
26.0
7450
40.0
2253
36.0
2252
45.0
3386
41.0
3387
1549.0
2250
22.0
3380
50.0
7456
53.0
7457
417.0
436
31.0
2249
52.0
7449
77.0
431
34.0
3377
75.0
2895
34.0
2896
41.0
7441
20.0
2891
221.0
7445
22.0
3393
307.0
7446
59.0
7443
1516.0
2260
80.0
3392
211.0
2888
146.0
2259
39.0
445
112.0
2889
404.0
7438
156.0
446
128.0
2886
72.0
2255
308.0
441
80.0
442
425.0
2882
182.0
2257
523.0
3389
36.0
2883
449.0
7470
259.0
6796
160.0
7477
114.0
3361
42.0
7479
31.0
3362
120.0
7472
303.0
5212
83.0
2231
321.0
7473
185.0
5210
23.0
2230
282.0
7474
248.0
7475
22.0
2872
339.0
454
187.0
2222
26.0
452
24.0
5203
194.0
3357
80.0
2875
20.0
7469
89.0
2229
57.0
6787
47.0
2226
111.0
5207
69.0
2878
840.0
2227
918.0
456
1340.0
2879
27.0
459
72.0
3371
27.0
7467
503.0
2241
193.0
2870
83.0
7463
181.0
3376
30.0
2240
206.0
7461
31.0
5202
1141.0
7462
122.0
2862
852.0
462
158.0
2863
90.0
463
29.0
3368
32.0
3367
384.0
2236
193.0
466
961.0
2237
28.0
2238
57.0
7459
150.0
2868
128.0
3339
142.0
3337
90.0
3335
40.0
2288
34.0
3333
22.0
3342
853.0
2296
644.0
3340
250.0
2298
73.0
2293
153.0
1799
75.0
1798
172.0
1795
66.0
1796
105.0
1794
36.0
3347
38.0
2299
93.0
8191
156.0
3352
640.0
3351
36.0
8193
95.0
8192
54.0
8196
65.0
2267
218.0
1784
264.0
2269
72.0
3312
22.0
1785
30.0
3317
108.0
2270
64.0
8184
216.0
2272
256.0
8182
594.0
3321
100.0
8181
32.0
2275
104.0
8188
612.0
1773
45.0
3322
281.0
1774
41.0
3323
93.0
2278
20.0
1771
1043.0
3324
49.0
3325
321.0
1772
176.0
3326
208.0
1777
88.0
1778
239.0
3327
35.0
3328
922.0
3330
29.0
2286
41.0
1780
205.0
2287
375.0
8171
111.0
3332
110.0
2285
152.0
8170
91.0
8179
476.0
1765
48.0
2811
68.0
2812
70.0
1766
90.0
6727
810.0
1763
465.0
1762
113.0
6729
52.0
2819
26.0
2815
41.0
2816
64.0
1768
44.0
8168
67.0
8169
1004.0
8164
20.0
8162
323.0
6735
137.0
1755
74.0
1754
506.0
2800
190.0
1752
467.0
3301
110.0
3300
1587.0
6736
1243.0
2806
44.0
2809
176.0
2802
91.0
3309
107.0
1758
74.0
8154
103.0
8150
22.0
6742
302.0
8151
365.0
8152
2969.0
8153
45.0
1741
53.0
1740
40.0
6700
23.0
6701
131.0
1745
68.0
1747
199.0
1748
117.0
6707
21.0
6709
154.0
8148
277.0
8145
263.0
8144
63.0
8140
43.0
1730
1745.0
6714
87.0
6715
3712.0
1734
209.0
1733
80.0
1732
49.0
6711
25.0
1731
85.0
1738
112.0
1737
125.0
1736
289.0
1735
181.0
6718
266.0
6719
45.0
1739
498.0
8136
101.0
8138
22.0
8134
39.0
8131
22.0
4520
81.0
35
166.0
37
164.0
42
171.0
4513
167.0
4510
121.0
4517
68.0
4515
65.0
28
809.0
32
67.0
4502
126.0
4503
73.0
4506
167.0
4505
167.0
18
113.0
11
85.0
4560
105.0
4562
27.0
4554
162.0
4558
243.0
4559
34.0
82
67.0
80
137.0
81
97.0
85
110.0
4553
22.0
4543
206.0
4544
87.0
4545
44.0
4548
51.0
4549
26.0
70
20.0
72
31.0
76
84.0
8099
12784.0
59
911.0
57
204.0
8094
1250.0
8092
273.0
8097
708.0
8095
37.0
8096
598.0
4538
413.0
4539
212.0
4536
22.0
1695
758.0
1694
86.0
4535
121.0
1696
55.0
62
28.0
61
96.0
46
129.0
4530
388.0
4525
96.0
4526
31.0
4524
30.0
53
61.0
54
227.0
4529
24.0
4599
642.0
487
1087.0
485
64.0
484
68.0
489
198.0
488
99.0
7401
52.0
482
30.0
483
79.0
481
123.0
4589
89.0
473
150.0
4588
48.0
7407
68.0
7408
264.0
4587
100.0
7403
44.0
7413
78.0
7412
36.0
7410
418.0
4596
67.0
4597
93.0
470
117.0
472
62.0
2788
601.0
7419
261.0
2783
139.0
4578
326.0
4583
100.0
2791
118.0
2792
484.0
7420
65.0
2793
20.0
4586
107.0
7421
284.0
4581
50.0
7424
401.0
99
455.0
96
137.0
93
281.0
499
164.0
7428
32.0
7425
7550.0
2799
34.0
2796
162.0
495
34.0
4567
78.0
4566
125.0
2795
21.0
2794
135.0
4565
107.0
492
41.0
4570
26.0
89
22.0
5260
74.0
5263
105.0
5267
552.0
5265
245.0
5269
60.0
5270
223.0
5273
1080.0
5275
62.0
5276
61.0
5277
31.0
5279
289.0
5281
71.0
5289
719.0
5288
519.0
5286
47.0
5290
60.0
5292
1597.0
5293
116.0
5298
90.0
5294
37.0
5295
253.0
5297
1597.0
8419
466.0
8416
1694.0
8415
828.0
8417
79.0
3479
150.0
7349
145.0
336
512.0
337
34.0
7356
79.0
3484
26.0
7352
74.0
8422
30.0
8424
367.0
8420
114.0
8409
154.0
8407
31.0
8404
24.0
342
97.0
3488
20.0
344
69.0
348
934.0
7337
330.0
7346
67.0
3492
85.0
3493
32.0
3490
635.0
7345
68.0
3494
146.0
3495
130.0
8414
236.0
8412
52.0
8438
310.0
315
1024.0
7329
34.0
313
474.0
310
174.0
3498
89.0
7330
42.0
7331
489.0
7333
190.0
8440
51.0
8442
1502.0
8447
38.0
8429
88.0
8427
394.0
327
83.0
328
392.0
7317
29.0
324
131.0
325
37.0
326
21.0
7321
162.0
7324
83.0
7322
30.0
7323
43.0
8431
30.0
8432
67.0
5128
66.0
5126
164.0
7392
2092.0
8466
78.0
7393
20.0
8468
105.0
8463
65.0
8462
44.0
8465
61.0
7390
26.0
5132
94.0
7399
79.0
8461
22.0
5130
107.0
7396
27.0
5136
68.0
7395
24.0
5134
137.0
7397
276.0
5133
34.0
5115
84.0
5116
36.0
5117
30.0
305
816.0
309
44.0
8449
745.0
7383
130.0
7382
216.0
5121
38.0
1602
40.0
5109
81.0
1600
178.0
5106
243.0
5107
100.0
5104
392.0
1608
85.0
7372
148.0
7374
200.0
5114
165.0
5112
180.0
5111
35.0
7375
113.0
7378
150.0
7379
505.0
7359
64.0
8475
814.0
7364
27.0
7363
140.0
5102
352.0
8472
42.0
7369
184.0
7368
54.0
7367
45.0
7366
442.0
4042
25.0
4041
202.0
4045
95.0
4927
61.0
1626
497.0
1628
73.0
4929
34.0
4039
24.0
4920
265.0
1622
898.0
1621
100.0
1624
387.0
4921
195.0
4922
82.0
6299
118.0
6298
603.0
6296
74.0
6293
357.0
6291
30.0
1617
133.0
1616
65.0
3407
719.0
4937
300.0
4938
27.0
4939
31.0
3409
95.0
3400
56.0
4026
26.0
4931
263.0
1613
66.0
3404
30.0
1611
855.0
4934
145.0
1610
159.0
4025
2210.0
6284
25.0
3420
49.0
4022
83.0
6286
96.0
6281
540.0
6280
91.0
1648
33.0
4947
72.0
4948
36.0
3418
117.0
1644
48.0
4946
759.0
3416
27.0
4943
20.0
4019
172.0
3414
268.0
1645
165.0
4017
45.0
4018
327.0
4940
37.0
3410
143.0
3430
211.0
4013
293.0
6279
353.0
6278
395.0
6270
109.0
4958
382.0
1638
29.0
3429
496.0
3426
423.0
4008
641.0
3425
104.0
3428
286.0
3427
256.0
4950
72.0
4004
87.0
4951
48.0
3421
469.0
1630
48.0
3424
345.0
4006
38.0
4007
42.0
6266
131.0
6268
111.0
6262
90.0
6263
253.0
6264
68.0
1671
61.0
6265
111.0
4001
45.0
3434
756.0
3435
175.0
1663
112.0
3432
151.0
3438
387.0
1665
1645.0
1666
159.0
6259
126.0
1668
334.0
6257
198.0
6253
40.0
6254
209.0
3443
1061.0
1652
98.0
3445
87.0
1651
97.0
3446
169.0
3447
74.0
3448
64.0
1657
35.0
6240
199.0
3463
118.0
1693
362.0
1692
75.0
3461
229.0
3460
56.0
6245
123.0
6247
24.0
4902
123.0
1688
31.0
3458
23.0
1689
142.0
4900
57.0
1683
165.0
3456
344.0
3457
185.0
3455
70.0
4909
275.0
4905
1414.0
1682
20.0
3473
72.0
6232
150.0
1681
541.0
3474
48.0
6236
856.0
6233
3420.0
3470
319.0
6234
77.0
3469
38.0
4911
88.0
4913
35.0
6227
42.0
1676
25.0
6226
271.0
1677
75.0
3465
93.0
1675
630.0
3467
501.0
4915
642.0
4914
112.0
1577
26.0
6206
61.0
4895
172.0
1576
302.0
1575
23.0
4888
191.0
6217
200.0
4889
388.0
1589
423.0
6216
114.0
4884
38.0
1586
47.0
6219
31.0
1593
85.0
4891
808.0
1594
67.0
4894
245.0
4893
76.0
1590
24.0
6224
174.0
6223
270.0
1598
40.0
1597
120.0
1599
38.0
4098
35.0
4096
143.0
4093
1298.0
6201
207.0
6200
585.0
4857
153.0
4856
50.0
4855
463.0
4854
1321.0
4072
54.0
4078
24.0
4076
397.0
4846
27.0
4841
43.0
4840
54.0
4842
362.0
4080
25.0
4083
121.0
4088
262.0
4850
457.0
4085
29.0
4087
204.0
4874
402.0
4873
80.0
3505
147.0
4878
44.0
3502
71.0
3508
156.0
3506
162.0
4053
192.0
4051
851.0
4052
227.0
4882
35.0
4058
24.0
4880
120.0
4056
66.0
4059
103.0
4865
327.0
4870
4179.0
4871
86.0
4872
86.0
5168
59.0
5165
25.0
5162
211.0
5949
41.0
5948
50.0
5947
4249.0
5944
68.0
5177
747.0
5173
20.0
5176
277.0
5171
48.0
5936
29.0
5930
486.0
5932
1028.0
5142
52.0
5971
54.0
5146
62.0
5970
89.0
5145
719.0
5968
24.0
5966
1265.0
5154
185.0
5156
25.0
392
55.0
394
137.0
5961
72.0
5959
43.0
396
188.0
5951
1881.0
5148
74.0
398
33.0
5954
238.0
399
36.0
5956
189.0
5958
44.0
383
244.0
5994
775.0
384
833.0
381
1750.0
5991
408.0
7300
202.0
7303
39.0
5989
276.0
386
220.0
5985
141.0
7310
101.0
5981
124.0
371
1373.0
5980
84.0
372
41.0
5983
98.0
7313
24.0
7311
20.0
378
185.0
7304
61.0
7305
225.0
375
1035.0
374
413.0
7308
34.0
377
1389.0
7309
182.0
376
78.0
5976
64.0
5181
23.0
366
46.0
365
2542.0
364
180.0
369
53.0
8402
20.0
8400
86.0
5191
237.0
5196
35.0
5199
26.0
350
57.0
351
49.0
353
34.0
355
293.0
5999
126.0
359
44.0
2008
47.0
7205
231.0
2006
492.0
2007
39.0
2005
142.0
8317
109.0
8316
616.0
8318
131.0
8326
87.0
2010
23.0
7210
197.0
7211
268.0
7212
281.0
2017
35.0
203
749.0
204
108.0
2014
66.0
200
110.0
8308
416.0
8306
53.0
208
58.0
8310
53.0
8311
1269.0
7203
25.0
7201
124.0
3598
83.0
3597
37.0
210
27.0
215
175.0
7227
439.0
216
134.0
214
33.0
219
118.0
217
431.0
218
41.0
8302
37.0
7234
538.0
7237
291.0
7232
69.0
222
1697.0
7217
38.0
227
88.0
229
1016.0
7225
552.0
7226
219.0
7223
150.0
7222
83.0
2001
125.0
5918
366.0
5916
99.0
7249
95.0
5912
119.0
5910
668.0
7253
156.0
7252
34.0
8360
122.0
7256
118.0
8362
148.0
7259
400.0
8364
44.0
8363
99.0
8367
584.0
5926
164.0
5928
69.0
5929
110.0
7238
33.0
7239
89.0
7243
44.0
8351
67.0
7246
47.0
7245
50.0
8354
1350.0
6190
1272.0
8353
33.0
8352
146.0
6192
301.0
8359
156.0
6193
445.0
8357
833.0
6194
238.0
8356
22.0
6195
411.0
8339
140.0
5006
91.0
6994
135.0
7279
303.0
6995
310.0
6992
523.0
6990
222.0
5015
26.0
7275
25.0
7276
114.0
7271
326.0
7273
136.0
7272
35.0
8347
180.0
8343
28.0
5905
83.0
5906
33.0
5908
45.0
6997
84.0
5900
133.0
6998
36.0
7268
325.0
5000
305.0
7265
117.0
5003
1217.0
7262
29.0
7261
135.0
7260
276.0
2090
35.0
2091
29.0
7294
115.0
7295
28.0
7292
1212.0
7293
55.0
2098
204.0
7299
501.0
6163
345.0
3541
114.0
2097
168.0
7296
2572.0
7297
110.0
6971
25.0
6168
837.0
2094
34.0
6167
57.0
2093
2453.0
6973
69.0
2095
33.0
6963
147.0
1523
96.0
4824
55.0
3537
130.0
3536
151.0
6965
62.0
6966
97.0
6967
39.0
6968
33.0
1521
134.0
1520
100.0
3531
61.0
3539
664.0
4827
99.0
8397
183.0
8398
279.0
7281
45.0
7285
25.0
6154
20.0
7287
33.0
8390
110.0
6153
92.0
3552
102.0
6152
188.0
8392
268.0
7289
20.0
6159
80.0
6981
38.0
6156
195.0
3547
1222.0
1514
71.0
6977
28.0
1512
131.0
6974
136.0
3548
174.0
4836
35.0
3543
46.0
3542
162.0
4831
1351.0
3545
87.0
4838
291.0
1515
205.0
6182
50.0
6181
104.0
6183
366.0
8385
32.0
2070
53.0
8386
35.0
6189
1502.0
8384
98.0
8381
219.0
2074
181.0
6950
21.0
8382
96.0
2073
90.0
2076
411.0
6185
90.0
8380
1463.0
6188
39.0
2077
259.0
6945
107.0
2069
27.0
3511
22.0
6947
130.0
6941
69.0
3516
72.0
1501
187.0
3515
71.0
6944
196.0
1502
22.0
4806
314.0
4807
131.0
4804
314.0
3517
191.0
1509
175.0
4809
281.0
8378
22.0
6173
64.0
8379
1082.0
6171
66.0
2081
124.0
8376
414.0
6962
208.0
6961
484.0
2083
342.0
8372
188.0
6179
236.0
6960
35.0
8373
390.0
6178
56.0
2089
54.0
6177
62.0
6176
42.0
2088
81.0
2087
56.0
2086
34.0
6958
276.0
6959
142.0
3520
95.0
6956
135.0
2079
101.0
3525
21.0
3527
254.0
4814
27.0
3526
30.0
3529
144.0
4816
194.0
3528
20.0
4818
236.0
4819
20.0
1570
460.0
6121
207.0
3583
491.0
2055
583.0
1572
94.0
6122
54.0
1571
101.0
3580
34.0
2051
132.0
6928
122.0
6929
150.0
6116
1213.0
6922
34.0
6921
78.0
6118
232.0
1569
48.0
6924
250.0
3575
112.0
6925
918.0
3594
74.0
6110
110.0
2066
38.0
3593
1148.0
2067
3005.0
1560
61.0
3595
310.0
2062
86.0
2063
373.0
2060
130.0
3591
22.0
6108
149.0
1557
41.0
6932
189.0
1558
280.0
6931
9499.0
6105
368.0
6930
36.0
6937
35.0
3586
91.0
3587
20.0
1554
92.0
2058
72.0
2057
43.0
1552
148.0
3562
21.0
2032
230.0
2033
603.0
3561
2016.0
6143
156.0
2034
112.0
3560
100.0
6140
64.0
6909
28.0
1549
23.0
6905
140.0
1541
44.0
3556
128.0
3553
20.0
2027
1112.0
3554
579.0
2029
39.0
1544
22.0
1545
105.0
1547
117.0
3558
26.0
6136
112.0
6137
113.0
6134
127.0
3572
216.0
6132
169.0
3571
173.0
2045
154.0
6133
50.0
3574
260.0
6131
147.0
6918
109.0
6916
59.0
6915
133.0
3564
64.0
6914
23.0
3565
289.0
1532
190.0
1530
27.0
3567
386.0
6910
67.0
2039
27.0
1534
35.0
1475
1008.0
1477
118.0
4797
24.0
1480
55.0
1481
58.0
1483
254.0
1488
168.0
1487
26.0
4788
167.0
4789
107.0
1491
835.0
4790
193.0
4793
46.0
4792
940.0
1495
132.0
4794
262.0
1459
394.0
1458
728.0
4779
131.0
4776
260.0
4775
112.0
1461
72.0
4782
346.0
1462
141.0
4781
121.0
4767
91.0
4768
188.0
5899
133.0
1466
401.0
1465
29.0
4764
34.0
5898
553.0
1464
650.0
1463
36.0
6100
695.0
1471
181.0
4772
213.0
6101
169.0
3629
43.0
3621
140.0
4754
49.0
3620
320.0
4759
110.0
3624
48.0
4760
73.0
3617
104.0
3619
94.0
4742
31.0
3611
49.0
4746
401.0
3614
88.0
4750
50.0
3607
479.0
4736
72.0
3601
121.0
4733
516.0
4732
35.0
4731
74.0
1498
223.0
4730
85.0
4740
270.0
4728
114.0
4724
552.0
4722
1307.0
285
348.0
5025
20.0
284
25.0
5026
750.0
5024
784.0
282
333.0
5844
34.0
288
1000.0
5842
58.0
5016
218.0
5848
102.0
5030
193.0
5034
234.0
5035
35.0
271
74.0
273
232.0
275
212.0
5028
181.0
276
2699.0
5830
337.0
5833
23374.0
277
516.0
5832
1618.0
5837
100.0
5048
45.0
5825
105.0
5821
31.0
5820
981.0
5038
146.0
5828
270.0
5050
415.0
5056
161.0
5058
51.0
296
369.0
5059
220.0
5052
83.0
290
105.0
5055
100.0
5813
85.0
5815
154.0
298
281.0
5817
75.0
5816
26.0
5819
929.0
5065
96.0
5069
25.0
5894
50.0
5893
54.0
5060
145.0
5888
28.0
243
37.0
5886
463.0
247
29.0
246
95.0
5074
42.0
5077
562.0
5079
34.0
5881
555.0
230
53.0
5883
64.0
5071
88.0
5073
72.0
5072
609.0
234
434.0
5876
61.0
5877
230.0
5878
66.0
5873
65.0
262
457.0
5872
419.0
260
70.0
5871
92.0
5089
69.0
261
40.0
5088
38.0
5086
64.0
5084
24.0
5080
72.0
269
37.0
5868
1411.0
5865
221.0
266
617.0
264
35.0
5864
229.0
5861
299.0
5099
111.0
5098
90.0
5094
1336.0
5091
38.0
5090
71.0
257
321.0
5858
149.0
259
1009.0
5859
130.0
254
175.0
256
41.0
255
28.0
1410
54.0
941
195.0
1415
100.0
1414
129.0
940
196.0
1417
66.0
1416
1284.0
947
78.0
948
50.0
6492
120.0
6490
88.0
6499
41.0
6497
46.0
6496
36.0
6495
40.0
6494
244.0
1421
22.0
1426
221.0
931
698.0
932
292.0
938
40.0
939
297.0
1436
20.0
1435
166.0
6469
180.0
1431
34.0
1430
50.0
925
34.0
923
45.0
1438
78.0
6470
79.0
919
55.0
6477
66.0
6476
42.0
6475
103.0
6479
132.0
1445
1146.0
1448
37.0
1447
25.0
1442
114.0
1441
22.0
915
42.0
916
441.0
910
34.0
911
126.0
913
44.0
6480
74.0
6483
53.0
6482
68.0
1450
109.0
1451
99.0
6487
48.0
6489
56.0
988
250.0
981
596.0
970
137.0
968
90.0
964
76.0
962
111.0
960
117.0
954
486.0
951
30.0
953
367.0
952
154.0
1404
75.0
1400
30.0
3683
316.0
3684
189.0
3676
21.0
4290
164.0
4292
75.0
4291
64.0
4294
221.0
4296
22.0
3690
394.0
4295
133.0
4298
153.0
3693
59.0
4297
208.0
4299
71.0
3686
39.0
3688
454.0
5802
54.0
5803
161.0
3698
239.0
5800
46.0
5807
84.0
996
251.0
995
39.0
992
37.0
993
51.0
998
145.0
999
1980.0
2508
71.0
2500
73.0
3633
431.0
3631
140.0
2503
58.0
3634
65.0
2516
46.0
2518
157.0
3642
42.0
3643
57.0
2512
72.0
2514
104.0
3662
203.0
3660
171.0
2529
213.0
2528
191.0
3659
320.0
3656
200.0
3657
36.0
3654
27.0
2521
20.0
3653
57.0
2538
33.0
3668
703.0
2537
110.0
2531
49.0
3663
24.0
2530
268.0
2532
103.0
5736
45.0
5735
119.0
2438
77.0
3723
230.0
2435
94.0
4206
157.0
3722
178.0
5737
848.0
3721
31.0
5732
20.0
2431
28.0
4202
20.0
5733
26.0
3729
33.0
5739
143.0
2439
34.0
2441
31.0
7067
34.0
2440
151.0
7066
1019.0
5740
140.0
5741
30.0
7065
40.0
4217
320.0
2425
284.0
4218
110.0
4219
68.0
3714
25.0
3713
137.0
5745
258.0
2420
121.0
2421
394.0
2423
165.0
4216
271.0
2428
107.0
3717
482.0
7070
25.0
7073
20.0
7075
71.0
5751
121.0
7076
107.0
4220
175.0
2430
153.0
7078
69.0
3743
69.0
5754
103.0
2455
40.0
3742
43.0
4227
4342.0
2456
2377.0
4224
58.0
3741
317.0
5755
36.0
4225
54.0
3740
157.0
5757
570.0
4228
150.0
2457
107.0
5759
161.0
3748
42.0
7041
622.0
4230
143.0
7048
593.0
7046
95.0
2463
363.0
5762
3151.0
4232
31.0
2460
91.0
5763
29.0
3730
1802.0
4236
264.0
4237
208.0
2444
391.0
5764
24.0
2445
530.0
4238
85.0
7998
33.0
2446
157.0
4239
113.0
3736
143.0
5769
32.0
5768
170.0
2449
160.0
3739
25.0
7051
293.0
7050
132.0
7052
701.0
7059
110.0
5770
74.0
4241
1072.0
2450
31.0
7055
1223.0
4242
123.0
7057
32.0
4245
22.0
4244
563.0
7056
110.0
7988
2072.0
7986
104.0
7987
99.0
2477
62.0
2475
374.0
2484
85.0
4255
27.0
2481
59.0
7993
270.0
5709
50.0
5706
99.0
5704
56.0
7975
774.0
7977
371.0
5703
141.0
7979
115.0
4258
124.0
5700
57.0
2464
1489.0
2467
25.0
4259
20.0
2466
143.0
4264
20.0
2471
1593.0
2472
59.0
4265
30.0
4266
131.0
2474
55.0
7980
66.0
7984
200.0
2470
360.0
3706
2323.0
5719
67.0
3708
152.0
2499
28.0
2498
323.0
7969
221.0
5712
416.0
4268
537.0
7966
1270.0
3702
835.0
5714
67.0
7964
34.0
3701
251.0
7974
38.0
4273
57.0
4274
131.0
7973
36.0
7972
41.0
4271
176.0
7089
39.0
4278
1075.0
7088
179.0
4276
186.0
7085
126.0
7086
150.0
7080
2642.0
5728
123.0
5729
105.0
5722
21.0
2487
32.0
7958
30.0
7959
24.0
7955
168.0
5725
96.0
7961
324.0
2490
341.0
4284
178.0
4285
24.0
7962
391.0
5730
451.0
7099
92.0
7091
156.0
7092
28.0
4281
90.0
1396
94.0
1394
58.0
7951
30.0
6420
83.0
7952
32.0
7944
31.0
7946
329.0
6418
286.0
1382
1239.0
1383
286.0
1385
47.0
6410
22.0
7941
22.0
1380
56.0
1379
23.0
7933
222.0
6403
346.0
6404
511.0
7938
556.0
1376
37.0
6406
24.0
6407
25.0
1375
1179.0
7936
186.0
1378
20.0
6409
103.0
1377
520.0
7930
499.0
7921
598.0
7920
131.0
7922
55.0
7928
33.0
7916
677.0
1397
63.0
7913
713.0
7911
48.0
7918
2277.0
6462
30.0
5785
66.0
1351
229.0
6463
59.0
5783
33.0
1350
99.0
7024
35.0
5781
32.0
6466
53.0
6467
105.0
6464
384.0
6465
477.0
7907
251.0
7908
37.0
6459
44.0
7018
844.0
1346
38.0
1344
221.0
7904
101.0
7905
82.0
5794
713.0
6450
500.0
5796
253.0
7032
194.0
1340
22.0
5795
39.0
6453
143.0
5790
36.0
6454
281.0
7039
180.0
7036
65.0
6455
43.0
5792
184.0
5791
165.0
6456
589.0
1335
131.0
6446
566.0
1337
1416.0
6448
229.0
1338
202.0
5786
20.0
1332
25.0
5787
180.0
5788
90.0
1334
25.0
1370
60.0
7003
518.0
6444
103.0
6442
5574.0
1374
284.0
7000
231.0
7001
453.0
1371
491.0
5799
96.0
1364
270.0
5798
709.0
1369
40.0
6433
56.0
6434
179.0
7012
366.0
4201
70.0
7010
55.0
7011
44.0
6430
196.0
1362
156.0
6428
284.0
1356
175.0
6425
118.0
7009
52.0
6424
113.0
804
44.0
805
512.0
802
54.0
1317
51.0
1316
72.0
1315
138.0
1314
212.0
1313
1315.0
6348
51.0
158
116.0
1312
120.0
157
46.0
156
225.0
1311
65.0
154
285.0
6350
308.0
6354
177.0
1328
120.0
1325
521.0
6358
199.0
169
540.0
1327
666.0
165
33.0
161
271.0
6362
82.0
162
688.0
6366
31.0
6368
236.0
6360
40.0
824
51.0
822
1124.0
827
79.0
177
186.0
176
2693.0
820
43.0
170
389.0
6379
65.0
171
158.0
6376
75.0
175
1549.0
6373
119.0
172
41.0
6372
56.0
6370
3700.0
1307
236.0
1306
70.0
813
848.0
814
905.0
815
27.0
816
53.0
817
282.0
818
22.0
1300
1029.0
189
100.0
6387
69.0
181
228.0
6389
407.0
182
580.0
183
418.0
6385
437.0
809
25.0
6381
73.0
116
590.0
117
32.0
114
373.0
112
145.0
110
324.0
849
162.0
847
23.0
119
25.0
6392
174.0
6390
97.0
6398
107.0
6399
105.0
125
579.0
832
33.0
128
198.0
124
109.0
839
111.0
129
8180.0
134
790.0
132
443.0
863
372.0
862
145.0
869
192.0
868
85.0
866
60.0
130
266.0
144
69.0
146
93.0
852
8024.0
851
22.0
149
197.0
853
36.0
855
148.0
858
29.0
857
214.0
859
214.0
142
645.0
889
42.0
887
39.0
880
42.0
882
205.0
4198
229.0
4194
230.0
4196
124.0
4190
20.0
879
45.0
876
32.0
873
210.0
4186
50.0
4187
291.0
4182
341.0
4180
1430.0
4173
276.0
4175
145.0
4174
45.0
4178
63.0
891
28.0
896
49.0
3781
162.0
2405
22.0
2404
82.0
2403
62.0
2400
488.0
3774
40.0
2408
121.0
2407
156.0
3791
389.0
3794
75.0
3788
1545.0
2414
564.0
3787
1008.0
2418
73.0
2417
261.0
3754
794.0
3752
22.0
3755
44.0
3759
741.0
3770
125.0
3763
50.0
3764
48.0
3767
64.0
3768
102.0
3869
80.0
2334
45.0
4105
87.0
5635
50.0
2332
50.0
4103
84.0
4104
77.0
2333
1311.0
5637
22.0
7888
115.0
4108
1008.0
3865
208.0
7896
395.0
7169
181.0
7168
21.0
7895
84.0
3870
32.0
7167
85.0
2342
152.0
4113
172.0
2341
325.0
4111
25.0
7165
38.0
4110
34.0
7164
178.0
3858
119.0
2321
23.0
4114
165.0
4115
114.0
5644
181.0
2324
936.0
7877
22.0
2325
127.0
7876
145.0
7879
26.0
2327
48.0
5647
814.0
7883
93.0
7179
56.0
5652
237.0
4121
156.0
4124
148.0
7178
28.0
5651
32.0
7882
60.0
4123
500.0
2330
72.0
7171
31.0
3848
196.0
5614
39.0
2314
77.0
5617
501.0
3844
74.0
2315
33.0
3843
173.0
2313
239.0
5613
39.0
7189
25.0
7187
4188.0
7186
29.0
7181
304.0
7185
57.0
7184
545.0
7183
69.0
3837
78.0
3839
512.0
3838
33.0
2304
71.0
5627
40.0
3835
75.0
2306
204.0
5624
600.0
2300
39.0
2302
184.0
5621
293.0
3830
84.0
7198
39.0
4102
769.0
4101
220.0
7196
99.0
7849
29.0
3820
30.0
2378
49.0
2377
161.0
7845
161.0
3824
4285.0
3822
24.0
7844
77.0
3827
34.0
3826
40.0
3829
30.0
2381
125.0
2380
306.0
7850
239.0
2385
640.0
4157
32.0
2384
46.0
5601
249.0
2365
34.0
7837
228.0
2368
278.0
2367
905.0
3811
29.0
7833
244.0
5606
48.0
3812
24.0
7834
88.0
7835
35.0
3813
93.0
5609
258.0
3814
2133.0
3815
88.0
5607
93.0
3817
1079.0
3819
1053.0
7840
31.0
4162
241.0
4163
28.0
2371
227.0
2373
1069.0
4168
2346.0
2356
27.0
7869
368.0
4126
52.0
4125
97.0
3809
349.0
3808
209.0
3805
269.0
3803
45.0
7871
24.0
2364
111.0
4132
769.0
2361
280.0
2362
27.0
4130
47.0
7875
2879.0
7872
113.0
7854
1034.0
2347
771.0
2343
1078.0
1299
89.0
4144
40.0
2352
137.0
4145
134.0
7862
226.0
7864
403.0
1293
140.0
1296
129.0
1297
70.0
7808
214.0
7807
24.0
1289
94.0
1288
48.0
7805
39.0
7801
458.0
1280
84.0
1281
43.0
1285
222.0
7101
95.0
1273
97.0
7103
66.0
1271
27.0
7831
395.0
109
1012.0
106
95.0
7821
31.0
104
21.0
103
293.0
1269
100.0
7823
125.0
1268
709.0
1267
1008.0
101
1277.0
1266
46.0
5699
50.0
7827
93.0
1265
710.0
5698
139.0
1261
209.0
7112
117.0
2396
229.0
7111
95.0
1262
65.0
1263
38.0
2395
2247.0
7110
73.0
2394
84.0
2393
138.0
7116
64.0
7820
90.0
7115
301.0
1260
1551.0
7812
30.0
7109
79.0
7811
68.0
7816
543.0
2387
33.0
1257
195.0
7815
52.0
2388
171.0
6323
68.0
6324
103.0
5680
32.0
6321
246.0
7120
23.0
5685
76.0
1251
24.0
5684
199.0
7122
225.0
1250
48.0
5678
86.0
5679
353.0
1243
116.0
1244
45.0
6317
20.0
6316
36.0
6315
113.0
7130
29.0
6310
20.0
5690
42.0
7138
54.0
6311
227.0
7135
143.0
6313
256.0
7136
250.0
1240
109.0
7134
152.0
5694
21.0
5697
207.0
7131
69.0
6308
74.0
6307
68.0
1234
72.0
1236
134.0
6303
24.0
7129
77.0
6306
239.0
7128
387.0
5664
98.0
7142
198.0
7143
107.0
7144
1275.0
5662
189.0
7146
1043.0
7147
285.0
6344
24.0
7139
30.0
6338
11236.0
5658
36.0
1225
223.0
5659
68.0
1222
89.0
7151
450.0
7150
50.0
7156
315.0
1220
64.0
6330
81.0
7154
35.0
7159
32.0
7157
250.0
6334
77.0
7158
35.0
6335
90.0
5670
122.0
1214
87.0
5669
381.0
1217
28.0
1210
43.0
5665
87.0
6329
33.0
1211
24.0
1212
173.0
5667
132.0
5668
68.0
904
76.0
903
43.0
906
135.0
905
48.0
900
1018.0
8010
110.0
8015
505.0
8012
650.0
748
86.0
746
270.0
749
60.0
743
20.0
742
203.0
8027
20.0
8025
155.0
8023
340.0
736
91.0
730
162.0
8032
138.0
8034
146.0
8036
53.0
8035
63.0
8038
80.0
729
72.0
728
27.0
726
188.0
725
32.0
723
308.0
720
1043.0
8040
149.0
8047
181.0
8046
1443.0
8045
1286.0
715
30.0
711
127.0
8059
1129.0
8052
232.0
8050
297.0
4963
230.0
4962
2039.0
700
64.0
4966
82.0
703
153.0
707
245.0
708
61.0
8068
38.0
8069
515.0
8064
78.0
8065
108.0
8063
25.0
4980
546.0
4981
144.0
4972
60.0
4973
127.0
4975
98.0
4978
522.0
4979
61.0
8077
1120.0
4993
166.0
8070
27.0
4992
52.0
8071
97.0
8073
41.0
8076
45.0
4985
566.0
4986
52.0
8089
163.0
8087
242.0
1204
85.0
1202
63.0
1209
1242.0
2749
27.0
2748
38.0
2747
97.0
3874
68.0
3005
225.0
2742
74.0
3006
45.0
3872
20.0
3003
223.0
2740
193.0
3009
85.0
2743
62.0
3881
344.0
3011
495.0
3883
175.0
2750
238.0
3884
3386.0
3886
20.0
3887
32.0
2755
24.0
2754
43.0
2756
116.0
3891
41.0
3002
2428.0
3892
234.0
3898
260.0
3029
1819.0
2766
1115.0
7799
138.0
2765
273.0
3027
77.0
3028
166.0
3897
53.0
3895
263.0
2770
109.0
3032
52.0
2777
284.0
2776
100.0
798
715.0
2773
55.0
3015
35.0
793
438.0
2780
197.0
3024
91.0
781
28.0
3047
30.0
785
659.0
2702
27.0
786
144.0
788
352.0
2705
132.0
2709
100.0
2707
29.0
2708
178.0
3053
160.0
780
1155.0
3054
86.0
3055
64.0
772
799.0
773
36.0
771
25.0
776
98.0
2712
79.0
2713
74.0
778
192.0
779
80.0
2719
77.0
3041
93.0
3043
53.0
3044
195.0
2723
75.0
763
107.0
2721
101.0
766
61.0
2722
235.0
760
37.0
2729
157.0
2727
389.0
3072
366.0
3073
93.0
2732
28.0
2733
216.0
3058
70.0
2730
161.0
2736
164.0
2738
175.0
8006
40.0
3066
274.0
3061
152.0
3062
34.0
7750
22.0
1198
2224.0
4495
56.0
4494
525.0
7753
1042.0
4491
117.0
7752
133.0
1193
76.0
7751
66.0
4492
45.0
3082
538.0
3081
39.0
6619
156.0
3929
46.0
3927
37.0
3924
54.0
6612
683.0
6611
864.0
6614
387.0
7745
35.0
3921
1027.0
6613
78.0
6616
44.0
6615
71.0
1186
308.0
1185
22.0
7741
69.0
1182
31.0
7740
1285.0
3094
20.0
3097
85.0
1180
25.0
3090
37.0
6609
22.0
3919
59.0
3913
218.0
3915
84.0
6602
25.0
1179
175.0
4499
210.0
6606
86.0
1178
46.0
3946
59.0
3947
26.0
3940
382.0
7729
188.0
3944
62.0
7723
1695.0
3943
995.0
7721
195.0
3935
58.0
3938
230.0
7719
86.0
7715
139.0
3930
152.0
7711
256.0
3932
314.0
7712
54.0
7713
108.0
3934
37.0
7790
678.0
2682
109.0
2681
120.0
4451
35.0
7797
83.0
7789
43.0
4448
20.0
3965
21.0
2677
623.0
4446
96.0
3961
939.0
4444
263.0
3960
34.0
2674
73.0
4445
32.0
3968
691.0
5510
76.0
4465
29.0
7782
94.0
7783
30.0
4464
76.0
7784
1001.0
7785
135.0
7786
44.0
4461
37.0
4460
96.0
3954
30.0
5507
439.0
7777
103.0
2668
51.0
5505
42.0
7779
512.0
3950
20.0
5503
85.0
4455
142.0
4456
46.0
5502
281.0
5501
41.0
4457
393.0
2664
76.0
3952
130.0
3951
154.0
2665
942.0
5500
47.0
3957
198.0
3959
109.0
5508
710.0
4472
70.0
7776
247.0
4470
7655.0
7773
181.0
7774
92.0
3991
40.0
7771
378.0
4475
164.0
4474
236.0
5514
490.0
3983
36.0
4467
70.0
5513
98.0
2696
35.0
3982
90.0
5516
40.0
3989
49.0
2699
26.0
7767
72.0
3986
95.0
7763
66.0
4482
1149.0
7765
93.0
4485
1190.0
2692
270.0
2691
171.0
3980
78.0
2693
147.0
2685
102.0
4479
154.0
3973
36.0
5529
177.0
5528
24.0
7755
20.0
3978
511.0
7757
50.0
3979
20.0
4409
29.0
1109
48.0
5539
47.0
4404
90.0
5537
146.0
1105
106.0
6699
588.0
4406
77.0
5538
86.0
5535
241.0
1102
29.0
1103
207.0
4403
62.0
1101
24.0
5534
390.0
5543
32.0
5542
27.0
5540
152.0
5548
224.0
4418
88.0
6689
55.0
4416
118.0
5547
57.0
6691
265.0
4420
134.0
4421
170.0
6692
95.0
6694
125.0
6695
374.0
6696
227.0
4422
25.0
1125
116.0
4425
24.0
5555
54.0
5556
26.0
4424
413.0
4427
3525.0
1129
84.0
6679
67.0
4426
48.0
1126
79.0
6677
60.0
1127
33.0
6685
22.0
1132
233.0
5565
171.0
5564
472.0
5563
57.0
6681
648.0
4436
273.0
5566
67.0
1112
26.0
4433
20.0
6667
41.0
1115
61.0
6666
125.0
1117
20.0
4437
35.0
6673
150.0
6675
54.0
5574
90.0
6670
125.0
6671
122.0
1121
35.0
4440
400.0
5575
405.0
4441
265.0
7701
103.0
6658
35.0
7700
111.0
6655
137.0
6659
374.0
7709
104.0
6661
1086.0
1154
502.0
5584
109.0
1151
51.0
1152
27.0
5582
147.0
6665
120.0
5580
352.0
5581
248.0
5589
197.0
1135
193.0
1141
24.0
5596
116.0
6652
84.0
5591
46.0
6651
86.0
6654
28.0
5594
201.0
1169
56.0
1167
247.0
1166
63.0
5599
73.0
6635
1776.0
6636
24.0
3900
54.0
3904
586.0
3909
55.0
6643
121.0
1171
20.0
6642
27.0
1172
352.0
1170
68.0
1176
105.0
1173
85.0
6626
219.0
6627
54.0
1158
57.0
6630
560.0
1160
65.0
1161
309.0
6631
288.0
600
59.0
609
470.0
607
35.0
605
5050.0
602
130.0
623
111.0
622
21.0
620
90.0
627
71.0
629
50.0
612
122.0
616
286.0
615
113.0
6594
41.0
3111
85.0
6593
692.0
6592
63.0
6599
112.0
6597
154.0
6590
44.0
3107
326.0
3106
99.0
6589
248.0
3102
164.0
3100
293.0
687
6809.0
2647
29.0
686
307.0
689
77.0
7678
352.0
2645
227.0
2644
21.0
3149
29.0
3147
324.0
684
43.0
2640
64.0
2649
417.0
2648
25.0
7684
88.0
3155
22.0
3153
217.0
7688
25.0
7687
536.0
3151
245.0
7685
145.0
2656
20.0
3139
146.0
7689
61.0
2655
148.0
677
983.0
2658
35.0
3137
49.0
679
292.0
7690
58.0
3142
326.0
2660
107.0
3145
380.0
7694
126.0
2661
143.0
7697
241.0
7696
54.0
7699
430.0
3140
1054.0
7698
70.0
2621
33.0
3995
133.0
3126
124.0
3994
121.0
3128
355.0
2622
246.0
2627
35.0
2626
171.0
3130
137.0
3134
25.0
3132
3767.0
3131
3764.0
695
21.0
3114
53.0
2632
125.0
694
157.0
2631
463.0
2634
55.0
3117
180.0
3118
90.0
698
23.0
3119
84.0
2636
51.0
697
164.0
2638
252.0
2639
22.0
692
1010.0
3122
179.0
2609
943.0
2607
54.0
649
3812.0
2602
22.0
643
54.0
2600
1222.0
644
190.0
2601
114.0
3199
24.0
3196
301.0
3193
25.0
3191
63.0
3192
57.0
3190
36.0
639
73.0
2615
353.0
636
83.0
633
38.0
2614
859.0
632
189.0
630
714.0
2610
318.0
3182
90.0
3183
41.0
3181
4241.0
668
25.0
660
21.0
3168
83.0
665
28.0
666
648.0
3173
32.0
3171
70.0
3177
158.0
3178
56.0
3175
78.0
3176
25.0
3170
36.0
651
45.0
3157
296.0
652
27.0
650
54.0
655
69.0
656
84.0
3164
33.0
3166
1411.0
4390
107.0
1090
58.0
4393
26.0
4399
602.0
1099
165.0
4397
207.0
7607
137.0
1970
63.0
1971
250.0
4389
142.0
1972
153.0
1974
82.0
7602
34.0
1084
513.0
1083
142.0
7600
52.0
1990
1552.0
1088
237.0
1087
30.0
1086
36.0
1980
610.0
1078
2338.0
1981
47.0
1079
116.0
1987
30.0
1985
188.0
1988
25.0
4376
27.0
1077
75.0
4373
178.0
4371
21.0
6500
128.0
7630
53.0
7625
285.0
1995
131.0
1996
59.0
1991
44.0
1992
39.0
2598
435.0
1993
32.0
2597
39.0
7628
111.0
1994
94.0
4385
23.0
4386
98.0
1065
22.0
2594
28.0
1064
78.0
4388
175.0
1062
70.0
1061
90.0
4383
40.0
7621
62.0
4379
187.0
2586
235.0
7616
53.0
4378
26.0
7617
108.0
1056
65.0
2588
223.0
2587
40.0
2580
46.0
7654
44.0
4350
28.0
7655
217.0
7650
48.0
2584
141.0
4354
109.0
2582
39.0
4352
53.0
4347
103.0
2576
62.0
4349
97.0
4362
21.0
7643
46.0
4361
22.0
7644
319.0
2571
350.0
5410
169.0
2570
141.0
4366
232.0
4365
1601.0
7639
75.0
4356
118.0
4357
86.0
4358
119.0
5402
95.0
2566
41.0
2567
56.0
7634
303.0
2562
103.0
2561
259.0
7676
32.0
7677
64.0
7675
24.0
2559
292.0
4327
190.0
7667
722.0
2557
1115.0
2552
345.0
4324
76.0
4342
24.0
7660
2150.0
2551
78.0
4344
127.0
7661
309.0
2550
41.0
4343
109.0
7663
112.0
7664
89.0
7666
66.0
7656
21.0
4339
69.0
2546
862.0
7659
28.0
2548
55.0
7658
455.0
2541
39.0
2542
340.0
4336
235.0
4337
52.0
4302
20.0
1004
62.0
4301
1145.0
4303
148.0
4306
1466.0
6558
26.0
4308
179.0
6557
26.0
5438
179.0
1005
38.0
6556
74.0
4309
95.0
5440
50.0
6564
2110.0
1011
828.0
5443
247.0
1010
28.0
6560
27.0
4315
34.0
5445
186.0
4312
58.0
6546
113.0
4318
313.0
6545
106.0
6547
240.0
1901
27.0
1904
116.0
1905
63.0
1909
35.0
1908
20.0
6552
90.0
6554
216.0
4321
96.0
4322
215.0
6551
218.0
5416
99.0
6578
97.0
1915
77.0
1913
140.0
1911
363.0
1912
50.0
6580
218.0
5422
535.0
6583
23.0
6584
391.0
6581
20.0
6585
31.0
6586
286.0
5428
329.0
6567
30.0
1920
111.0
6569
109.0
1921
265.0
5424
44.0
5425
39.0
5426
35.0
1926
84.0
1927
60.0
1923
400.0
6570
401.0
5431
2375.0
6571
29.0
5433
88.0
6573
1705.0
6576
34.0
1936
147.0
1935
22.0
1934
60.0
1933
281.0
1939
57.0
1938
1222.0
6519
101.0
1047
136.0
1046
181.0
5479
63.0
1045
129.0
5478
52.0
6514
29.0
6515
226.0
1930
366.0
1049
169.0
5481
43.0
5487
22.0
5485
410.0
1053
200.0
5486
65.0
1947
203.0
1946
1036.0
1949
103.0
6509
152.0
1037
93.0
1039
145.0
1941
146.0
6502
32.0
1942
453.0
6504
42.0
5492
31.0
6511
199.0
5496
194.0
1042
81.0
1044
567.0
5490
440.0
5491
48.0
1959
67.0
6536
49.0
1954
47.0
1029
39.0
1952
69.0
1950
349.0
6538
488.0
5457
96.0
5465
34.0
5462
615.0
6541
57.0
1966
445.0
6524
808.0
1962
26.0
1016
174.0
6526
232.0
1018
492.0
1013
245.0
6528
240.0
6529
36.0
1961
32.0
1015
48.0
1960
459.0
5469
149.0
5474
246.0
1020
44.0
5476
121.0
5477
246.0
6530
144.0
5471
104.0
6532
253.0
5473
185.0
