1410
25.0
8226
22.0
1415
26.0
940
34.0
3282
35.0
5373
27.0
1416
127.0
6872
70.0
3285
22.0
3287
126.0
531
34.0
2952
140.0
539
22.0
6497
20.0
8217
151.0
6495
20.0
6494
128.0
6094
24.0
6095
130.0
8210
20.0
931
71.0
932
23.0
5360
25.0
5363
73.0
6885
25.0
5362
36.0
939
41.0
2940
59.0
2
29.0
6879
29.0
1
229.0
6875
24.0
6
33.0
2947
45.0
9
250.0
8207
24.0
8242
113.0
8249
32.0
1430
25.0
8248
961.0
5355
274.0
5351
39.0
1438
46.0
513
20.0
512
33.0
1841
22.0
510
32.0
5349
62.0
1846
20.0
1445
435.0
6072
39.0
6073
28.0
6075
57.0
916
29.0
2100
42.0
910
25.0
2965
63.0
988
20.0
2111
35.0
3244
29.0
981
210.0
2101
23.0
5324
199.0
2108
101.0
5329
192.0
7587
185.0
2990
37.0
970
89.0
5316
30.0
2982
44.0
5317
20.0
589
26.0
2133
20.0
2130
326.0
7574
26.0
3260
81.0
7578
24.0
962
29.0
8204
25.0
1803
43.0
1802
27.0
5308
22.0
3257
21.0
7562
47.0
2142
36.0
7560
25.0
3274
35.0
954
48.0
7564
68.0
953
52.0
952
30.0
569
86.0
568
117.0
561
38.0
2134
41.0
562
77.0
2135
32.0
6025
27.0
3200
124.0
6020
41.0
6022
22.0
1892
23.0
4290
108.0
6007
44.0
3208
22.0
4294
23.0
3690
58.0
4298
41.0
4297
52.0
3688
49.0
2161
41.0
8293
263.0
8296
272.0
6801
74.0
2168
178.0
6803
37.0
6805
29.0
3698
51.0
3222
195.0
2175
38.0
2177
63.0
2173
64.0
6815
23.0
6813
24.0
3226
36.0
996
36.0
3230
25.0
999
181.0
2914
45.0
2912
53.0
6826
20.0
6827
27.0
2911
72.0
6068
64.0
2196
51.0
2500
45.0
3633
26.0
2191
26.0
2190
31.0
505
23.0
504
29.0
2905
27.0
2908
30.0
500
36.0
6055
44.0
8255
45.0
3660
47.0
4709
439.0
1889
21.0
2935
44.0
1886
21.0
2933
94.0
4701
85.0
1887
152.0
6849
66.0
6850
57.0
8282
39.0
8288
24.0
8286
63.0
2928
47.0
4719
214.0
2920
32.0
4714
67.0
1875
185.0
1874
27.0
1873
49.0
6858
24.0
4711
25.0
2530
22.0
2438
24.0
5737
66.0
4610
29.0
7066
84.0
4617
47.0
2425
39.0
2421
29.0
2423
27.0
7076
30.0
4220
26.0
5754
20.0
4227
224.0
2456
109.0
3741
34.0
4225
41.0
3740
23.0
4228
34.0
3748
42.0
4640
22.0
4634
45.0
7041
59.0
4631
28.0
4637
185.0
7048
34.0
5762
69.0
3730
131.0
4236
38.0
4237
37.0
2444
49.0
2445
60.0
2446
24.0
4621
33.0
4623
37.0
7052
59.0
4627
35.0
4628
51.0
4241
411.0
7055
137.0
4244
57.0
7988
215.0
7993
22.0
5709
21.0
7977
46.0
2464
112.0
2471
461.0
7980
31.0
4647
43.0
4642
27.0
4644
44.0
3706
193.0
3705
57.0
4683
41.0
2498
60.0
7969
53.0
4268
76.0
7966
523.0
5714
27.0
3701
28.0
4273
36.0
4271
79.0
4278
71.0
7088
86.0
7080
313.0
5725
38.0
7961
48.0
2490
154.0
7537
65.0
7539
95.0
4699
58.0
1394
34.0
7952
27.0
7946
147.0
6418
32.0
7541
44.0
1382
144.0
1383
30.0
7933
54.0
6403
42.0
1375
73.0
1377
125.0
4692
22.0
7517
44.0
7513
32.0
7514
69.0
7515
22.0
7930
58.0
7921
79.0
7920
42.0
594
38.0
7527
84.0
7916
84.0
7913
68.0
7918
171.0
1350
20.0
6464
32.0
7018
30.0
7904
53.0
7905
30.0
5794
83.0
6450
25.0
6454
32.0
6455
22.0
5791
79.0
6456
146.0
7508
26.0
7512
144.0
7510
83.0
6446
23.0
1337
55.0
1338
84.0
5787
35.0
5788
130.0
6442
207.0
5379
25.0
1364
33.0
5798
65.0
7012
30.0
5393
31.0
7008
20.0
5392
55.0
805
27.0
5232
61.0
8122
22.0
1314
45.0
1313
32.0
1312
45.0
157
232.0
156
95.0
7493
45.0
7492
39.0
8119
172.0
1729
49.0
6350
24.0
6354
36.0
1722
41.0
2854
24.0
6768
25.0
2853
79.0
5229
28.0
2203
32.0
5225
67.0
2851
35.0
7485
23.0
1328
25.0
5220
80.0
1325
27.0
169
34.0
6362
27.0
408
22.0
1718
76.0
6368
38.0
2215
20.0
6776
29.0
400
271.0
2844
73.0
6779
74.0
402
20.0
5251
31.0
5254
34.0
8106
28.0
176
194.0
175
46.0
1706
50.0
6373
21.0
410
21.0
6370
346.0
6748
220.0
414
28.0
2831
891.0
2834
31.0
411
75.0
813
90.0
814
73.0
817
49.0
189
20.0
1300
39.0
2826
50.0
428
45.0
2824
24.0
182
27.0
183
28.0
2829
35.0
6385
46.0
421
20.0
420
31.0
116
74.0
114
120.0
3386
25.0
3387
105.0
125
31.0
2891
111.0
3393
48.0
129
576.0
7443
58.0
3392
39.0
2888
27.0
2889
40.0
2255
66.0
442
30.0
2257
40.0
2883
24.0
134
70.0
132
45.0
863
70.0
862
55.0
869
27.0
7477
35.0
868
22.0
866
47.0
7472
82.0
2231
20.0
7473
38.0
454
41.0
2872
89.0
2222
24.0
5203
20.0
2878
62.0
2227
22.0
456
106.0
130
24.0
144
26.0
852
1472.0
7467
73.0
857
35.0
2870
26.0
7463
119.0
859
44.0
5202
100.0
462
57.0
2862
85.0
3367
70.0
466
48.0
142
106.0
2296
39.0
3342
72.0
882
20.0
4194
20.0
4196
20.0
4190
31.0
8191
23.0
8193
20.0
4182
40.0
4180
134.0
8182
36.0
8188
58.0
4173
29.0
1771
118.0
1772
20.0
3325
58.0
8171
35.0
8170
44.0
8179
27.0
6727
44.0
2403
24.0
2400
54.0
8169
47.0
1755
30.0
1754
57.0
3301
20.0
1752
302.0
6736
108.0
3791
34.0
3794
37.0
2809
25.0
3788
247.0
2414
62.0
3787
137.0
6742
43.0
2417
69.0
8151
31.0
8152
327.0
1748
25.0
6709
22.0
8144
22.0
3759
92.0
1730
417.0
6714
20.0
6715
107.0
1734
23.0
1733
20.0
6718
38.0
3763
25.0
3767
20.0
3768
37.0
4105
36.0
35
20.0
5635
21.0
2333
30.0
7888
20.0
4108
89.0
4113
51.0
2342
38.0
7167
29.0
2341
55.0
4515
25.0
5644
30.0
2324
80.0
2325
20.0
7876
26.0
28
100.0
2327
24.0
5647
53.0
7179
29.0
4124
32.0
4123
47.0
2330
38.0
4505
89.0
3848
22.0
18
62.0
5614
30.0
5617
30.0
7187
436.0
7181
42.0
7184
56.0
3837
35.0
3839
201.0
5624
72.0
5621
44.0
2302
51.0
4102
36.0
4101
21.0
3824
351.0
82
29.0
2381
48.0
80
27.0
7850
46.0
2380
62.0
2385
45.0
5601
42.0
7837
20.0
2367
91.0
7834
42.0
3814
46.0
5609
41.0
3817
27.0
3819
124.0
4543
38.0
4162
46.0
2371
40.0
2373
44.0
4168
216.0
8099
430.0
59
47.0
7869
42.0
8094
72.0
8092
21.0
8096
108.0
4538
58.0
4539
49.0
4535
23.0
4132
31.0
7875
240.0
7854
31.0
2347
35.0
2343
144.0
46
29.0
4530
40.0
54
30.0
4599
112.0
484
66.0
489
30.0
1288
24.0
7801
41.0
473
55.0
7407
26.0
4587
25.0
7408
40.0
7410
54.0
472
27.0
7831
70.0
2788
72.0
7419
35.0
4578
42.0
109
29.0
1269
30.0
99
41.0
1268
112.0
1267
111.0
101
125.0
7827
39.0
5698
33.0
1265
90.0
1261
50.0
7111
46.0
2396
64.0
1262
21.0
2395
213.0
2393
21.0
7115
24.0
93
21.0
1260
63.0
7425
202.0
4567
30.0
2796
62.0
495
23.0
4566
28.0
4565
22.0
2388
26.0
6324
22.0
5684
96.0
5679
93.0
5260
20.0
6316
22.0
6311
40.0
6313
27.0
5697
56.0
1234
24.0
5270
25.0
7128
83.0
5273
90.0
5279
59.0
7142
43.0
7144
208.0
5281
21.0
6338
1094.0
5289
48.0
7151
628.0
5292
116.0
5668
20.0
900
21.0
5297
169.0
8419
55.0
8010
25.0
8416
254.0
8415
25.0
8015
120.0
8012
25.0
336
21.0
8424
112.0
8420
24.0
742
171.0
8025
25.0
8023
24.0
7337
65.0
348
33.0
3490
20.0
3495
31.0
8414
27.0
8412
26.0
8438
84.0
8032
41.0
315
64.0
313
63.0
310
23.0
728
36.0
7331
24.0
7333
42.0
723
20.0
720
76.0
8442
116.0
8427
121.0
328
129.0
8040
27.0
8046
368.0
8045
407.0
7324
28.0
8059
193.0
8050
33.0
7392
54.0
4963
37.0
8468
31.0
4962
424.0
703
24.0
707
22.0
7397
25.0
8069
34.0
305
148.0
8063
20.0
4980
70.0
4981
24.0
8449
258.0
4975
48.0
4976
22.0
8077
250.0
5106
45.0
4993
22.0
8071
138.0
4985
24.0
7372
22.0
5112
27.0
7379
70.0
7359
96.0
8089
20.0
8087
37.0
8472
25.0
1209
66.0
7366
53.0
4041
24.0
4045
20.0
3005
40.0
2740
74.0
1626
33.0
3881
22.0
3011
68.0
1622
90.0
1624
90.0
6299
24.0
6298
60.0
6293
26.0
2750
32.0
3407
40.0
4937
77.0
4938
63.0
3002
412.0
3892
30.0
1611
35.0
4025
39.0
7799
34.0
3898
57.0
3029
83.0
2765
49.0
6281
86.0
3028
58.0
3895
45.0
3032
60.0
4948
40.0
4946
96.0
4013
58.0
6278
74.0
2777
21.0
798
21.0
793
46.0
6270
71.0
4958
35.0
3429
22.0
3426
42.0
4008
49.0
3427
32.0
4004
20.0
1630
66.0
3424
50.0
785
22.0
786
28.0
788
25.0
6268
27.0
6262
28.0
6263
42.0
1671
20.0
4001
25.0
2708
34.0
3434
64.0
1665
53.0
1668
49.0
780
119.0
3054
43.0
772
25.0
778
47.0
6253
20.0
3443
102.0
3445
52.0
3449
22.0
3044
27.0
2721
25.0
2727
29.0
4902
29.0
3457
30.0
4909
22.0
4905
176.0
3072
32.0
3073
36.0
1681
59.0
2736
28.0
6236
117.0
6233
121.0
1675
57.0
3467
72.0
3066
36.0
3061
32.0
4914
20.0
4495
42.0
1198
259.0
4494
126.0
7753
57.0
3082
70.0
4895
34.0
3924
37.0
6612
34.0
6611
37.0
3921
212.0
7740
54.0
4888
84.0
4889
42.0
6216
24.0
4894
20.0
1179
49.0
6606
41.0
4499
20.0
1597
22.0
4096
27.0
3940
28.0
4093
44.0
7723
45.0
3943
120.0
3938
55.0
4857
48.0
4855
192.0
7790
68.0
2682
51.0
2681
30.0
4448
20.0
3961
27.0
4444
58.0
4076
29.0
3968
28.0
4840
21.0
7782
28.0
7785
30.0
5505
41.0
7779
108.0
5502
48.0
4457
47.0
3952
71.0
2664
29.0
2665
116.0
4088
33.0
4850
49.0
3957
28.0
5508
32.0
4874
20.0
4873
25.0
3508
35.0
7776
64.0
3506
21.0
4470
123.0
7771
69.0
4475
69.0
5514
35.0
3989
25.0
7767
53.0
4053
48.0
4051
43.0
4059
45.0
4865
81.0
4482
87.0
4485
163.0
2692
40.0
2693
42.0
2688
20.0
5529
34.0
3978
67.0
4870
264.0
6699
72.0
5535
43.0
5534
25.0
5540
31.0
5947
482.0
5177
66.0
5176
20.0
5548
31.0
6689
29.0
5171
39.0
6692
21.0
6695
57.0
5930
74.0
5932
88.0
5145
57.0
5970
23.0
4427
160.0
6678
55.0
1127
34.0
1132
23.0
5564
42.0
5966
90.0
4436
37.0
1112
52.0
4433
56.0
4440
33.0
5575
30.0
4441
43.0
396
25.0
5956
45.0
6659
38.0
5994
98.0
383
21.0
384
193.0
381
194.0
5991
107.0
7300
25.0
5989
102.0
386
34.0
6661
75.0
5581
23.0
6646
23.0
6647
35.0
1135
29.0
371
89.0
5980
62.0
5983
23.0
375
59.0
374
21.0
377
100.0
7309
20.0
5596
20.0
5594
22.0
6635
25.0
3904
47.0
365
312.0
369
20.0
1171
26.0
1172
79.0
6626
30.0
5191
41.0
6630
25.0
1160
41.0
1161
32.0
2006
50.0
8317
42.0
8316
35.0
609
49.0
7211
27.0
605
716.0
204
33.0
8308
101.0
8311
98.0
7201
63.0
3598
27.0
215
42.0
7227
91.0
217
50.0
622
45.0
7237
22.0
222
232.0
227
20.0
229
67.0
7225
75.0
7226
34.0
616
29.0
615
29.0
6593
62.0
6599
29.0
5918
29.0
6597
24.0
5910
22.0
8362
21.0
8367
94.0
5926
25.0
7246
37.0
8354
40.0
6190
105.0
8352
28.0
6192
29.0
8357
123.0
6195
20.0
7279
153.0
6995
26.0
6992
110.0
5900
60.0
7268
24.0
5000
71.0
5003
99.0
7260
34.0
687
434.0
2090
21.0
686
24.0
7678
35.0
683
25.0
3147
88.0
7299
26.0
6163
128.0
3541
53.0
7296
112.0
7297
26.0
6168
59.0
2093
100.0
2649
22.0
3537
80.0
6968
22.0
7687
24.0
3539
25.0
7685
35.0
7689
20.0
677
43.0
8397
45.0
8398
69.0
6154
46.0
6152
24.0
8392
34.0
3547
514.0
6977
20.0
3548
35.0
3542
46.0
4831
116.0
3142
29.0
3145
54.0
2660
29.0
4838
34.0
7696
23.0
7699
38.0
3140
134.0
6183
71.0
3999
20.0
3128
47.0
6189
157.0
8381
30.0
2073
28.0
2626
68.0
2076
23.0
8380
50.0
2077
32.0
6941
153.0
3516
25.0
4804
54.0
3132
360.0
3131
57.0
8379
67.0
8376
31.0
2638
26.0
6961
31.0
6179
68.0
8373
46.0
2088
64.0
6959
20.0
3520
35.0
3527
37.0
3528
53.0
692
56.0
3122
44.0
1570
45.0
6121
24.0
3583
33.0
2609
50.0
649
357.0
2600
88.0
644
42.0
6929
21.0
3196
79.0
6116
132.0
3575
50.0
6925
208.0
2067
90.0
2615
36.0
636
24.0
2614
200.0
630
59.0
2610
20.0
1558
70.0
6932
133.0
6931
212.0
3181
63.0
6105
230.0
2032
46.0
2033
48.0
6143
311.0
3561
176.0
666
63.0
6905
54.0
2027
88.0
3574
46.0
651
27.0
3157
27.0
650
45.0
6918
67.0
3166
128.0
1532
26.0
3567
72.0
6910
24.0
4399
50.0
4397
27.0
1480
25.0
1084
28.0
1083
42.0
1088
49.0
1990
40.0
1078
261.0
1980
66.0
1985
32.0
4790
39.0
4792
99.0
1495
23.0
4794
21.0
1459
49.0
1458
74.0
4779
133.0
4776
37.0
2598
33.0
4782
42.0
1462
40.0
1466
56.0
5898
32.0
1464
60.0
4388
24.0
1061
41.0
2588
20.0
6100
57.0
4772
21.0
6101
35.0
7654
35.0
7655
66.0
4354
58.0
3620
35.0
4759
28.0
7644
31.0
5410
26.0
2571
41.0
4365
84.0
5402
24.0
7634
35.0
2562
51.0
3607
58.0
4733
44.0
1498
53.0
4731
21.0
7660
141.0
7661
144.0
4722
111.0
4339
26.0
7658
130.0
2542
57.0
4336
67.0
5438
25.0
6556
24.0
5024
33.0
282
40.0
288
131.0
5848
35.0
6564
40.0
1011
49.0
5443
31.0
6545
28.0
6547
73.0
5035
25.0
276
193.0
5833
2163.0
277
361.0
5832
216.0
6554
30.0
4322
33.0
6551
42.0
6578
21.0
1915
25.0
1911
42.0
6580
40.0
5820
54.0
5422
49.0
6586
39.0
5428
43.0
5050
54.0
296
42.0
1923
59.0
5813
27.0
5431
165.0
6570
47.0
6573
129.0
5819
216.0
1936
54.0
1934
59.0
1938
30.0
1045
29.0
1930
40.0
5485
78.0
5886
34.0
246
52.0
5077
62.0
1947
30.0
1946
45.0
1941
45.0
5072
143.0
5496
63.0
1044
70.0
234
89.0
5877
23.0
5490
56.0
262
40.0
5872
57.0
260
30.0
1959
57.0
5080
20.0
6538
80.0
5462
58.0
6541
62.0
5868
52.0
5865
51.0
266
37.0
5864
38.0
5098
49.0
1016
27.0
6524
188.0
5094
84.0
6526
40.0
6527
26.0
1013
30.0
1961
30.0
1960
29.0
5477
22.0
5471
25.0
6532
81.0
257
62.0
259
85.0
254
29.0
