8226
99.0
8220
22.0
3282
190.0
5373
238.0
3281
58.0
6871
22.0
6872
120.0
3286
60.0
3285
30.0
3287
309.0
531
47.0
3278
198.0
6869
26.0
2952
2130.0
6866
97.0
1822
42.0
533
25.0
2954
26.0
532
98.0
539
201.0
1826
72.0
8217
120.0
1829
173.0
8216
76.0
6094
484.0
6095
135.0
8212
179.0
8210
119.0
3295
20.0
5360
159.0
5363
284.0
6885
140.0
5362
24.0
6097
94.0
5364
119.0
2940
203.0
2
234.0
6879
201.0
1
803.0
544
28.0
2944
66.0
6
48.0
6875
40.0
546
48.0
5
59.0
2948
50.0
2947
368.0
9
737.0
8208
43.0
8209
20.0
1818
95.0
8243
40.0
8242
1095.0
6085
23.0
8248
2414.0
5355
2009.0
5353
70.0
5352
65.0
5351
185.0
6896
45.0
513
53.0
512
33.0
1844
65.0
6887
94.0
1841
49.0
6886
125.0
2971
29.0
5349
86.0
2970
21.0
1840
47.0
516
34.0
2978
50.0
1846
108.0
6072
52.0
6073
131.0
6074
25.0
8235
86.0
6075
1135.0
6077
228.0
6078
59.0
2100
64.0
1830
214.0
2965
441.0
521
21.0
2963
24.0
1836
29.0
528
70.0
7599
24.0
3240
29.0
3244
70.0
5332
22.0
5327
76.0
2992
149.0
572
178.0
2101
494.0
5324
439.0
2108
1332.0
2998
42.0
5329
2057.0
2999
27.0
5328
26.0
3251
68.0
7587
50.0
3254
44.0
2990
113.0
7582
244.0
2989
51.0
584
57.0
5316
419.0
2982
108.0
2116
96.0
5317
155.0
2988
111.0
2118
20.0
589
212.0
2986
122.0
5319
64.0
7572
40.0
7574
79.0
2130
4224.0
3260
196.0
7578
140.0
8200
24.0
8202
77.0
8204
30.0
1803
597.0
1802
49.0
559
23.0
1801
37.0
2129
24.0
5308
26.0
554
36.0
3257
500.0
550
43.0
551
41.0
7562
313.0
2141
43.0
3274
130.0
7560
72.0
3272
261.0
7566
93.0
3273
28.0
7564
104.0
569
1530.0
7558
88.0
568
100.0
561
26.0
2134
281.0
2135
947.0
562
327.0
3269
30.0
3267
24.0
6019
122.0
6025
40.0
6020
513.0
3200
2320.0
6023
25.0
3201
36.0
1894
27.0
2158
58.0
3202
76.0
1895
38.0
1892
222.0
1893
31.0
1898
27.0
6009
59.0
1899
153.0
6007
226.0
3208
189.0
8297
40.0
8299
35.0
2161
109.0
6015
27.0
8293
992.0
8296
176.0
8290
35.0
8292
23.0
2164
52.0
6801
244.0
3217
44.0
6803
466.0
2168
682.0
6805
50.0
6804
41.0
6807
154.0
3222
450.0
2175
203.0
2177
95.0
2173
109.0
3227
61.0
3228
27.0
3224
57.0
6815
82.0
3225
70.0
6813
162.0
3226
95.0
2187
102.0
3230
41.0
3233
108.0
2914
44.0
2912
190.0
1869
35.0
6826
366.0
1862
23.0
1864
91.0
2910
26.0
2911
189.0
6821
37.0
1863
96.0
6822
65.0
8262
44.0
2193
25.0
8263
20.0
6068
103.0
2196
121.0
2199
38.0
2198
30.0
6060
313.0
8269
219.0
2191
161.0
2190
288.0
505
40.0
2901
380.0
2902
50.0
504
109.0
2905
351.0
2907
46.0
2908
62.0
6838
143.0
6833
114.0
1853
240.0
6832
67.0
500
53.0
8252
29.0
6056
23.0
6055
114.0
8255
172.0
4709
8842.0
2934
58.0
2935
245.0
4706
112.0
6039
148.0
1886
46.0
1885
296.0
2933
1228.0
4701
52.0
1887
59.0
6846
30.0
1881
116.0
1883
50.0
6849
140.0
8281
92.0
6850
277.0
6047
60.0
6049
67.0
8282
69.0
6851
46.0
8288
123.0
8286
210.0
6040
31.0
2928
456.0
2923
112.0
4719
282.0
6855
47.0
2920
480.0
4714
1767.0
1875
144.0
1874
46.0
1873
186.0
6858
258.0
4711
61.0
1880
41.0
6032
111.0
8270
186.0
8271
22.0
6038
81.0
8274
350.0
8275
44.0
8277
27.0
4616
40.0
4610
40.0
4618
40.0
4617
51.0
4604
21.0
4634
186.0
4631
83.0
4637
178.0
4635
53.0
4623
1971.0
4627
45.0
4626
144.0
4629
26.0
4628
212.0
4657
103.0
4647
51.0
4642
73.0
4644
193.0
4645
55.0
4683
132.0
4682
671.0
4679
68.0
4672
32.0
4673
64.0
4666
22.0
7537
263.0
7539
406.0
4699
68.0
7541
620.0
7546
81.0
7547
22.0
7551
128.0
7550
26.0
4691
24.0
4692
335.0
7553
112.0
7517
145.0
7513
282.0
7514
25.0
7520
58.0
7523
21.0
594
666.0
597
21.0
7527
90.0
598
32.0
7500
25.0
7504
125.0
7502
45.0
7508
60.0
7506
20.0
7512
144.0
7510
783.0
5379
37.0
5381
91.0
5393
254.0
5399
102.0
5391
82.0
5392
145.0
6770
45.0
6771
43.0
5232
83.0
6774
32.0
6772
29.0
8122
77.0
8121
69.0
8123
122.0
7493
540.0
8119
2879.0
1729
129.0
1722
250.0
6768
65.0
2206
113.0
2853
245.0
6767
192.0
5229
240.0
6766
183.0
1721
38.0
2203
771.0
5225
182.0
2851
43.0
7486
29.0
7485
36.0
2221
120.0
7489
73.0
5220
40.0
8117
247.0
409
30.0
1718
190.0
408
63.0
1713
23.0
1714
191.0
2847
134.0
2846
27.0
2216
22.0
401
29.0
2215
51.0
400
629.0
6776
164.0
2844
115.0
6779
567.0
2218
33.0
402
190.0
2217
48.0
5217
24.0
2213
23.0
5252
23.0
5251
50.0
5254
31.0
8106
28.0
418
249.0
417
336.0
1708
671.0
1706
236.0
1707
62.0
410
120.0
6748
1280.0
6747
56.0
414
32.0
2831
4546.0
413
95.0
2834
32.0
411
70.0
6763
193.0
5241
26.0
5243
29.0
5246
36.0
5245
116.0
2826
71.0
428
180.0
2824
138.0
2829
52.0
6759
45.0
5237
58.0
5238
79.0
425
102.0
6757
34.0
2820
64.0
2253
49.0
3387
1779.0
3380
34.0
436
20.0
2249
36.0
431
110.0
3377
86.0
430
50.0
2896
57.0
2891
1259.0
3396
25.0
3393
274.0
7446
38.0
7443
42.0
3392
185.0
2260
92.0
2888
51.0
2889
331.0
7438
268.0
445
20.0
7437
27.0
2886
126.0
446
53.0
2255
85.0
2885
36.0
441
35.0
442
260.0
2257
416.0
2882
39.0
3389
83.0
2883
68.0
7470
735.0
6797
54.0
7477
74.0
6796
265.0
7479
87.0
3362
47.0
7472
33.0
7473
92.0
2231
221.0
5210
24.0
2230
39.0
2224
39.0
2871
36.0
454
35.0
2872
124.0
2222
20.0
452
36.0
5203
91.0
2228
29.0
2229
20.0
456
935.0
2227
23.0
5207
51.0
2878
59.0
2879
20.0
459
82.0
7467
168.0
7463
112.0
2870
29.0
2241
210.0
2240
283.0
3376
33.0
5202
380.0
462
86.0
2862
64.0
2863
121.0
463
44.0
3368
42.0
3367
58.0
464
21.0
466
252.0
2238
124.0
7459
28.0
2868
77.0
3339
44.0
2296
861.0
3342
573.0
2298
68.0
1799
90.0
1798
69.0
1795
54.0
1794
119.0
2299
57.0
8191
113.0
3352
48.0
3351
23.0
8193
101.0
8192
21.0
1782
21.0
3314
22.0
1784
23.0
2269
72.0
2270
52.0
8185
31.0
2272
179.0
8182
45.0
8181
54.0
2275
75.0
8188
114.0
3322
191.0
1773
32.0
1771
262.0
1772
49.0
3325
39.0
3326
26.0
1778
61.0
3332
163.0
8171
32.0
2285
58.0
8170
49.0
8179
370.0
1765
54.0
2812
43.0
1766
154.0
1763
57.0
6727
55.0
1762
80.0
6729
66.0
2815
36.0
1768
24.0
2816
94.0
8168
38.0
8162
872.0
6735
130.0
1755
44.0
2800
65.0
1754
354.0
6732
20.0
1752
150.0
3301
93.0
3300
74.0
6736
956.0
2806
63.0
2809
85.0
3309
34.0
8154
52.0
6742
92.0
8151
190.0
8152
436.0
8153
66.0
1740
84.0
6701
438.0
1745
76.0
1747
39.0
1746
26.0
1748
103.0
8144
92.0
1730
229.0
6714
217.0
6715
119.0
1734
132.0
1732
27.0
1731
36.0
1738
125.0
1737
88.0
1736
47.0
1735
443.0
6718
29.0
1739
50.0
6719
31.0
8134
29.0
4520
21.0
35
280.0
36
21.0
37
40.0
42
82.0
4513
104.0
4510
213.0
28
374.0
4502
125.0
4506
108.0
4505
134.0
11
102.0
79
47.0
4560
60.0
4558
121.0
82
61.0
81
67.0
4553
25.0
4543
187.0
4544
49.0
4545
90.0
4546
37.0
4549
28.0
76
42.0
8099
1052.0
59
47.0
8094
542.0
8092
144.0
8097
108.0
8096
642.0
4538
187.0
1699
47.0
4539
24.0
1695
95.0
4535
347.0
1696
79.0
61
45.0
46
45.0
4530
363.0
4526
32.0
53
28.0
54
537.0
4599
109.0
487
42.0
485
22.0
484
35.0
489
241.0
488
26.0
7401
43.0
7407
42.0
7408
154.0
7413
23.0
7410
1093.0
4596
41.0
470
151.0
472
217.0
2788
496.0
2783
210.0
7419
177.0
4578
231.0
2792
536.0
4586
250.0
4581
91.0
96
63.0
93
345.0
7428
38.0
2799
21.0
7425
134.0
4569
29.0
4568
24.0
4567
80.0
2796
26.0
4566
40.0
4565
180.0
2794
97.0
492
55.0
4575
70.0
4572
24.0
4570
64.0
5263
50.0
5267
381.0
5265
192.0
5269
52.0
5270
30.0
5273
105.0
5277
61.0
5279
67.0
5281
101.0
5289
389.0
5286
34.0
5292
539.0
5297
1307.0
8419
199.0
8416
419.0
8415
34.0
8417
24.0
3479
40.0
7349
213.0
336
26.0
7356
43.0
8424
52.0
8420
99.0
8409
190.0
348
51.0
7337
40.0
7346
41.0
7345
147.0
7342
46.0
3495
168.0
8414
23.0
8411
45.0
8412
42.0
8438
76.0
316
22.0
315
79.0
7329
79.0
313
120.0
310
54.0
7331
34.0
7332
36.0
7333
152.0
8442
2815.0
8429
239.0
8427
118.0
327
27.0
328
384.0
324
64.0
325
27.0
7321
168.0
7324
43.0
5126
35.0
7392
241.0
8466
22.0
8469
25.0
8468
46.0
8463
23.0
5132
70.0
7399
270.0
8461
114.0
5136
32.0
7396
71.0
5134
105.0
7397
241.0
5115
105.0
5116
44.0
5117
107.0
305
64.0
308
21.0
8449
349.0
7383
112.0
5106
52.0
5107
153.0
5104
113.0
1608
75.0
7372
48.0
7374
24.0
5114
30.0
5112
71.0
5111
57.0
7379
109.0
7359
51.0
8475
99.0
7363
48.0
7369
153.0
8472
65.0
7368
163.0
7367
71.0
7366
85.0
4041
211.0
4040
49.0
4047
39.0
4046
94.0
4045
30.0
1626
43.0
4927
21.0
1628
51.0
4926
51.0
4929
20.0
1622
1187.0
1621
25.0
4921
249.0
1624
348.0
4922
30.0
6299
52.0
6298
150.0
6294
37.0
1617
77.0
3407
377.0
1616
142.0
4937
48.0
4938
76.0
3400
22.0
1613
59.0
4932
20.0
1611
100.0
4934
89.0
4025
107.0
4024
20.0
4022
22.0
6281
89.0
6280
52.0
1647
81.0
4947
29.0
4948
122.0
4946
273.0
3416
32.0
4019
162.0
3414
130.0
4017
127.0
4018
81.0
3410
118.0
4940
34.0
3430
147.0
4013
74.0
6279
598.0
6278
1236.0
6270
268.0
4958
152.0
3426
192.0
4008
450.0
3427
292.0
4950
165.0
4004
25.0
1630
24.0
4951
97.0
4006
116.0
3424
138.0
4007
30.0
6266
39.0
6268
28.0
6262
26.0
6263
125.0
1671
29.0
4000
48.0
4001
77.0
3434
331.0
1662
20.0
1663
163.0
1665
140.0
1666
30.0
6259
140.0
1668
484.0
6257
171.0
6253
80.0
1652
53.0
3443
271.0
1651
22.0
3446
58.0
3447
73.0
6249
90.0
3463
102.0
6242
24.0
1693
275.0
1692
490.0
3461
246.0
4902
63.0
1689
98.0
3456
339.0
1683
55.0
3457
111.0
3455
25.0
4909
382.0
4905
1329.0
3473
136.0
1681
270.0
3474
31.0
6236
1553.0
6233
139.0
3470
64.0
3469
25.0
4911
62.0
4913
28.0
6226
89.0
1677
28.0
3465
24.0
1675
33.0
3467
70.0
4915
29.0
4914
77.0
6206
27.0
4895
372.0
1576
448.0
1575
32.0
6214
90.0
4888
94.0
6217
138.0
4889
736.0
1589
29.0
6216
40.0
1586
20.0
1593
69.0
1594
62.0
4894
55.0
4893
23.0
6224
157.0
6223
130.0
1598
48.0
1597
28.0
1599
52.0
4096
385.0
4093
142.0
6203
53.0
6201
46.0
6200
103.0
4857
52.0
4856
46.0
4855
63.0
4854
53.0
4071
43.0
4076
377.0
4846
65.0
4841
49.0
4840
86.0
4080
22.0
4083
30.0
4088
101.0
4850
347.0
4085
24.0
4087
1919.0
4874
201.0
4873
45.0
3505
261.0
3508
127.0
3506
121.0
4053
25.0
4051
68.0
4058
29.0
4056
41.0
4865
110.0
4870
1881.0
4871
36.0
5165
66.0
5162
107.0
5947
1451.0
5177
240.0
5171
33.0
5930
307.0
5932
532.0
5142
27.0
5146
20.0
5145
604.0
5966
810.0
5154
60.0
5155
39.0
392
103.0
5961
211.0
5959
47.0
396
63.0
5148
21.0
5951
87.0
5954
180.0
399
200.0
5956
28.0
5958
85.0
5994
244.0
383
88.0
384
676.0
381
429.0
5991
117.0
7300
155.0
7303
37.0
5989
122.0
5986
37.0
386
426.0
5981
62.0
371
1123.0
5980
85.0
5983
134.0
372
103.0
7313
44.0
7311
20.0
378
20.0
7305
202.0
375
367.0
374
674.0
7308
28.0
377
173.0
5976
26.0
376
61.0
360
35.0
366
31.0
365
784.0
364
92.0
5191
180.0
350
79.0
351
33.0
5995
39.0
355
168.0
359
28.0
2008
32.0
7205
196.0
2006
90.0
2007
36.0
2005
32.0
7209
53.0
8317
45.0
8316
71.0
8318
33.0
7211
225.0
7212
159.0
7215
45.0
203
195.0
204
42.0
200
128.0
8308
136.0
8306
255.0
208
286.0
8310
139.0
8311
183.0
7203
47.0
7201
140.0
3598
20.0
3597
24.0
212
21.0
215
65.0
7227
728.0
216
188.0
219
21.0
217
475.0
7234
49.0
7232
35.0
222
317.0
7217
41.0
227
89.0
229
580.0
7225
263.0
7223
65.0
5918
67.0
7249
198.0
5912
58.0
5910
87.0
7253
76.0
7252
124.0
7256
75.0
8362
49.0
7259
32.0
8363
55.0
8367
1134.0
5926
78.0
5928
24.0
7238
22.0
7239
46.0
7246
24.0
8354
141.0
6190
622.0
8352
67.0
6192
405.0
6193
316.0
8357
65.0
6195
33.0
7279
147.0
6994
126.0
6995
52.0
6992
173.0
6990
148.0
5014
24.0
7277
60.0
7276
56.0
7271
193.0
8347
177.0
7272
28.0
5905
57.0
5908
46.0
6997
95.0
5900
25.0
7268
63.0
5002
38.0
7265
103.0
5003
248.0
7262
98.0
7261
236.0
7260
298.0
8330
86.0
2090
111.0
7294
87.0
7292
120.0
7293
22.0
7299
404.0
6163
118.0
2097
54.0
3541
53.0
7296
34.0
7297
51.0
6168
338.0
2093
122.0
6963
35.0
3537
25.0
6965
92.0
6966
112.0
1520
53.0
3531
28.0
1526
52.0
3539
337.0
4827
62.0
8397
66.0
8398
114.0
7281
22.0
8390
49.0
6153
97.0
3552
155.0
6152
29.0
8392
306.0
6981
35.0
1514
148.0
3547
59.0
6974
56.0
1512
105.0
3548
214.0
4836
34.0
3542
80.0
4831
806.0
3544
45.0
4838
206.0
1515
215.0
6181
35.0
6183
125.0
8385
36.0
2070
102.0
6189
1046.0
2074
79.0
8381
26.0
2076
151.0
6185
45.0
8380
96.0
6188
35.0
2077
79.0
6946
25.0
6947
193.0
1501
238.0
3515
50.0
4806
32.0
4807
133.0
4804
104.0
3517
75.0
4808
38.0
4809
20.0
8378
98.0
8379
1345.0
6171
33.0
8376
226.0
6962
158.0
6960
25.0
6179
90.0
8373
33.0
6178
60.0
2089
49.0
6177
41.0
6176
49.0
6958
73.0
3520
179.0
6959
50.0
3523
38.0
4812
52.0
3527
182.0
4814
40.0
3529
24.0
4816
100.0
1570
421.0
3583
177.0
1572
56.0
6121
24.0
1571
22.0
6928
117.0
6929
50.0
6116
1194.0
6921
72.0
1569
26.0
6924
30.0
3578
43.0
3575
148.0
6925
205.0
2067
1548.0
3593
49.0
3595
20.0
2062
24.0
2060
98.0
1557
148.0
6108
55.0
6933
25.0
6932
336.0
1558
258.0
6931
530.0
6106
61.0
6105
112.0
3586
65.0
1554
67.0
2058
87.0
6934
30.0
1552
123.0
2032
607.0
2033
405.0
3561
3008.0
3560
21.0
2034
251.0
6140
67.0
6909
23.0
6905
289.0
3556
173.0
1541
99.0
2027
1034.0
3554
60.0
1545
46.0
1547
50.0
6136
47.0
6137
22.0
6134
75.0
3572
52.0
3571
196.0
6133
69.0
3574
137.0
2043
27.0
6918
49.0
3564
235.0
1532
55.0
3565
68.0
3567
1637.0
6910
24.0
1533
53.0
1534
35.0
1475
25.0
1480
20.0
1483
44.0
1484
27.0
1488
41.0
4788
36.0
4789
304.0
1491
420.0
4790
53.0
4792
528.0
1495
73.0
4794
20.0
1459
214.0
1458
324.0
4779
58.0
4776
923.0
1461
35.0
4782
260.0
1462
28.0
4767
21.0
1466
308.0
5898
45.0
4764
31.0
1464
380.0
6100
133.0
4772
118.0
6103
62.0
4754
82.0
3620
35.0
4759
47.0
3617
150.0
3619
62.0
4741
38.0
3611
33.0
4746
24.0
3614
70.0
4750
129.0
3607
264.0
4736
79.0
3601
56.0
4733
741.0
4732
56.0
1498
538.0
4731
72.0
4730
157.0
4740
280.0
4724
757.0
4720
22.0
4722
489.0
5025
56.0
5026
80.0
282
37.0
5024
30.0
5844
98.0
288
325.0
5842
34.0
5841
25.0
5016
126.0
5845
46.0
5030
125.0
5034
189.0
271
62.0
273
39.0
5028
84.0
276
4298.0
5830
469.0
277
78.0
5833
8250.0
5832
369.0
5837
36.0
5825
44.0
5820
158.0
5038
105.0
5828
29.0
5050
1045.0
5056
77.0
296
284.0
5058
45.0
5059
25.0
290
74.0
5055
20.0
298
99.0
5819
294.0
5894
31.0
5893
115.0
5060
45.0
5887
65.0
5888
117.0
5886
270.0
246
82.0
5077
149.0
5079
49.0
5072
232.0
5876
35.0
234
458.0
5877
83.0
5878
25.0
5879
33.0
5873
32.0
5872
71.0
5871
47.0
260
21.0
261
33.0
5088
20.0
5086
39.0
5084
27.0
5080
61.0
5867
22.0
5868
54.0
5865
20.0
266
627.0
264
80.0
5864
91.0
5098
39.0
5094
451.0
5090
56.0
257
120.0
5858
161.0
259
216.0
254
51.0
1410
39.0
941
83.0
1415
56.0
1414
222.0
940
82.0
1417
37.0
1416
371.0
947
58.0
6492
58.0
6490
56.0
6499
311.0
6496
27.0
6494
65.0
1426
149.0
931
835.0
932
563.0
939
249.0
1435
144.0
1431
103.0
1430
28.0
6470
321.0
6473
40.0
6477
93.0
6476
26.0
6479
61.0
1445
429.0
1447
31.0
916
26.0
911
110.0
913
50.0
6480
51.0
1450
196.0
6485
20.0
1451
56.0
6487
31.0
988
136.0
981
105.0
986
29.0
970
44.0
968
86.0
963
36.0
962
35.0
960
43.0
954
449.0
953
310.0
1404
20.0
952
721.0
3683
365.0
3684
300.0
3674
41.0
4290
31.0
4292
30.0
4294
73.0
3690
580.0
4295
550.0
4298
67.0
3693
98.0
4297
174.0
4299
86.0
3686
27.0
5804
32.0
3698
125.0
5805
64.0
996
78.0
993
45.0
998
342.0
999
251.0
2508
108.0
2505
52.0
3633
65.0
2504
24.0
3642
44.0
3643
24.0
3662
139.0
3660
110.0
2529
354.0
2528
125.0
3658
46.0
3656
100.0
3657
30.0
3654
89.0
3653
113.0
2538
24.0
2530
62.0
5736
53.0
5735
80.0
2435
41.0
3723
41.0
5737
433.0
3721
21.0
5732
49.0
2431
54.0
5733
46.0
3729
38.0
5739
121.0
2441
36.0
2440
75.0
5740
60.0
7066
161.0
5741
47.0
2425
203.0
4218
107.0
2420
85.0
2421
79.0
2423
299.0
2428
94.0
7071
42.0
7070
20.0
7073
30.0
5751
50.0
7076
62.0
4220
120.0
2430
71.0
7078
125.0
5754
81.0
3743
40.0
4227
2541.0
2456
154.0
4224
55.0
3741
32.0
5755
24.0
3740
126.0
4228
220.0
2457
171.0
3748
37.0
7041
365.0
4230
146.0
7048
36.0
2463
140.0
7046
85.0
5762
77.0
3730
761.0
5767
80.0
4236
91.0
2444
294.0
4237
72.0
4239
21.0
2446
105.0
5768
75.0
7051
32.0
7050
131.0
7052
146.0
7059
142.0
4241
186.0
7055
1416.0
2450
145.0
4242
105.0
7057
59.0
2451
27.0
7056
306.0
4244
843.0
7988
478.0
7987
129.0
2481
22.0
7993
164.0
5709
54.0
7975
80.0
7977
386.0
5703
38.0
5700
57.0
7979
29.0
2464
346.0
2466
52.0
2471
468.0
4264
130.0
2472
49.0
2473
21.0
4266
109.0
7980
53.0
4260
48.0
2470
391.0
4263
35.0
7984
48.0
3706
880.0
3705
43.0
2498
181.0
4268
78.0
7969
89.0
5712
39.0
7966
596.0
3702
42.0
5714
207.0
3701
78.0
7974
125.0
4273
227.0
4271
188.0
4278
168.0
7088
156.0
7085
65.0
7086
290.0
7080
754.0
5728
107.0
5729
61.0
2487
169.0
7955
227.0
5725
45.0
7961
87.0
2490
179.0
7962
174.0
5730
44.0
7091
28.0
1396
28.0
7951
72.0
6420
59.0
6413
23.0
7944
25.0
7946
264.0
6418
89.0
1382
912.0
1383
218.0
1385
32.0
6410
42.0
7941
117.0
1380
70.0
6412
25.0
6403
76.0
7933
117.0
6404
27.0
7938
51.0
1375
331.0
7936
424.0
1377
264.0
6409
49.0
7930
367.0
7921
319.0
7920
54.0
7922
190.0
7928
69.0
7916
1187.0
7913
38.0
7918
786.0
5785
66.0
1351
27.0
6463
33.0
1350
81.0
6466
22.0
6467
42.0
6464
750.0
6465
88.0
7907
222.0
7908
23.0
7018
528.0
6459
35.0
1346
32.0
7904
63.0
7905
54.0
5794
967.0
6450
293.0
7035
46.0
5796
115.0
7032
83.0
5790
53.0
6453
20.0
6454
40.0
5792
235.0
6455
115.0
5791
231.0
6456
149.0
6446
636.0
1337
799.0
1338
171.0
6448
81.0
5786
40.0
5787
105.0
5788
40.0
1334
27.0
7003
50.0
6442
181.0
7000
96.0
1371
24.0
5799
29.0
1364
162.0
5798
169.0
1369
35.0
6433
78.0
6434
78.0
7012
51.0
1360
28.0
7013
35.0
7010
265.0
7011
172.0
6428
36.0
1356
21.0
6425
117.0
6424
32.0
807
25.0
804
49.0
805
427.0
1316
97.0
1314
136.0
1313
123.0
158
84.0
157
21.0
1311
20.0
156
106.0
154
33.0
6350
80.0
6354
204.0
1328
137.0
6358
111.0
169
876.0
1327
58.0
165
31.0
161
45.0
6362
54.0
162
746.0
6368
430.0
824
120.0
822
76.0
827
36.0
177
22.0
176
1040.0
170
512.0
171
215.0
175
23.0
6373
398.0
6372
228.0
6370
2908.0
1307
360.0
1306
240.0
813
184.0
814
872.0
815
32.0
816
20.0
817
278.0
189
65.0
1300
20.0
6387
28.0
181
37.0
6389
484.0
182
1242.0
183
80.0
6383
21.0
6385
147.0
809
23.0
116
311.0
114
247.0
112
139.0
110
317.0
849
41.0
6392
207.0
6390
23.0
6398
76.0
125
56.0
832
21.0
128
27.0
124
27.0
129
2731.0
120
106.0
134
186.0
132
70.0
863
199.0
869
307.0
868
300.0
866
31.0
130
57.0
144
25.0
852
1657.0
855
49.0
858
37.0
857
141.0
859
84.0
142
457.0
889
49.0
887
39.0
880
21.0
882
163.0
4198
163.0
4194
137.0
876
27.0
873
75.0
4186
214.0
4187
372.0
4182
120.0
4180
672.0
4173
45.0
4175
22.0
4178
20.0
197
24.0
2404
58.0
2403
99.0
2400
348.0
2407
260.0
3791
135.0
3794
50.0
3790
28.0
2414
77.0
3788
1930.0
3787
335.0
2418
55.0
2417
254.0
3754
71.0
3755
44.0
3759
328.0
3770
67.0
3763
60.0
3764
84.0
3767
212.0
3768
50.0
3869
26.0
5635
23.0
2332
91.0
4103
20.0
2333
36.0
5637
39.0
3865
20.0
4108
610.0
7896
185.0
7169
20.0
7167
46.0
4113
62.0
2342
33.0
2341
355.0
4111
22.0
7165
30.0
3858
45.0
4114
32.0
2321
37.0
4115
27.0
5644
149.0
2324
1029.0
2325
112.0
7876
285.0
5647
67.0
7883
139.0
4121
128.0
7178
38.0
4124
25.0
7882
31.0
4123
24.0
3848
164.0
5617
330.0
3843
155.0
2315
27.0
5613
50.0
7187
1171.0
7181
185.0
7184
216.0
3837
205.0
3839
576.0
2304
142.0
2306
103.0
5624
508.0
2300
36.0
3830
92.0
2302
384.0
5621
258.0
4102
177.0
4101
186.0
7849
45.0
2378
21.0
2377
106.0
7845
90.0
3824
1299.0
3827
44.0
3826
20.0
3829
28.0
7853
34.0
2380
110.0
7850
47.0
2385
280.0
2384
88.0
5601
63.0
2365
41.0
2367
716.0
7834
25.0
7835
51.0
3813
42.0
5609
246.0
3814
113.0
3817
48.0
3819
454.0
7840
32.0
4162
124.0
4163
25.0
4164
36.0
2373
292.0
4168
1676.0
4126
234.0
7869
42.0
4125
76.0
3808
244.0
3803
47.0
2364
222.0
4132
2930.0
7875
717.0
7872
84.0
7854
86.0
2347
663.0
2343
2228.0
1299
104.0
4144
54.0
2352
104.0
4145
30.0
7862
154.0
7864
107.0
1293
90.0
1291
22.0
1296
78.0
1297
90.0
7808
195.0
7807
25.0
7809
85.0
1289
38.0
1288
101.0
7805
65.0
7801
277.0
1280
47.0
1272
20.0
7101
183.0
1273
23.0
7103
71.0
7831
272.0
109
234.0
106
175.0
7823
142.0
103
34.0
1268
205.0
1267
734.0
101
455.0
5699
38.0
1266
61.0
1265
170.0
7827
67.0
1261
67.0
2396
79.0
7111
45.0
2395
846.0
1263
34.0
7110
84.0
2394
70.0
2393
124.0
7116
46.0
7115
450.0
7820
38.0
1260
368.0
7109
57.0
7811
67.0
7817
21.0
7816
733.0
2387
32.0
6323
48.0
6324
282.0
6321
21.0
5685
100.0
7122
99.0
5684
89.0
5678
41.0
5679
53.0
1243
29.0
1244
40.0
6317
42.0
7118
37.0
6316
39.0
6315
70.0
6310
38.0
6311
793.0
5690
70.0
7135
23.0
6313
76.0
1240
62.0
5697
79.0
1234
27.0
1236
23.0
6306
65.0
7128
59.0
7142
207.0
7143
21.0
5662
104.0
7144
456.0
6340
25.0
7145
39.0
7146
25.0
6344
45.0
6338
3577.0
1225
42.0
5659
53.0
1222
49.0
7151
369.0
7156
58.0
1220
55.0
6330
31.0
7157
75.0
6334
39.0
5670
58.0
6335
116.0
5669
212.0
1211
36.0
6329
76.0
1212
20.0
904
106.0
906
25.0
8010
95.0
8015
228.0
8012
49.0
746
44.0
745
32.0
742
108.0
8025
20.0
8023
574.0
736
57.0
8032
292.0
8036
25.0
8035
47.0
8038
127.0
728
33.0
726
103.0
724
20.0
723
61.0
720
940.0
8040
79.0
8047
150.0
8046
520.0
8045
231.0
8059
769.0
8052
103.0
8050
860.0
4963
93.0
4962
2311.0
700
65.0
4966
124.0
703
90.0
702
34.0
707
67.0
708
40.0
8064
24.0
8063
97.0
4980
270.0
4981
34.0
4972
74.0
4975
63.0
4978
31.0
8077
196.0
4993
131.0
4992
81.0
8070
35.0
8071
91.0
4986
26.0
8089
34.0
8087
287.0
1202
108.0
1209
1230.0
2749
49.0
2747
76.0
3005
55.0
3874
31.0
3006
111.0
3872
48.0
2740
45.0
3881
301.0
3011
1096.0
3884
33.0
2750
79.0
2756
54.0
3002
642.0
3892
64.0
2766
129.0
3029
258.0
3898
150.0
7799
152.0
2765
281.0
3027
124.0
3028
26.0
3895
123.0
2770
54.0
2777
164.0
2776
34.0
2773
32.0
3015
50.0
793
92.0
2780
24.0
3024
105.0
781
26.0
782
55.0
785
514.0
786
182.0
788
197.0
2700
26.0
2709
264.0
2707
20.0
2708
173.0
3054
303.0
780
623.0
3055
24.0
772
62.0
773
42.0
776
77.0
2712
51.0
778
197.0
2719
26.0
3041
71.0
3043
53.0
3044
49.0
763
41.0
766
43.0
760
50.0
2729
82.0
2727
121.0
3072
96.0
3073
39.0
2732
31.0
752
22.0
3058
129.0
2730
136.0
2736
29.0
2738
166.0
3066
358.0
3061
239.0
4495
161.0
1198
3300.0
7753
185.0
4494
412.0
4491
20.0
7752
31.0
3082
101.0
6619
53.0
3924
85.0
6612
581.0
6611
65.0
6613
68.0
3921
313.0
6616
21.0
6615
24.0
1185
30.0
7740
26.0
1182
45.0
3913
162.0
1179
20.0
6606
41.0
4499
126.0
1178
69.0
3946
83.0
3947
60.0
3940
197.0
3944
22.0
7723
165.0
3943
255.0
7721
346.0
3935
156.0
3938
145.0
3939
27.0
7715
80.0
3930
133.0
3932
59.0
7790
442.0
3970
32.0
2682
70.0
2681
35.0
7797
86.0
3965
20.0
2677
26.0
4446
77.0
4444
270.0
3961
46.0
2674
22.0
3960
42.0
5510
55.0
7782
67.0
4465
24.0
7785
188.0
4461
53.0
4460
51.0
3954
24.0
5507
20.0
7777
29.0
2668
37.0
7779
176.0
5503
32.0
5502
113.0
2664
253.0
4457
681.0
3952
28.0
2665
607.0
5500
40.0
3957
150.0
3959
183.0
5508
624.0
7776
108.0
4470
752.0
7773
47.0
7774
50.0
7771
147.0
4475
788.0
4474
21.0
3990
24.0
7770
36.0
5511
34.0
5514
20.0
3983
22.0
3982
37.0
5516
56.0
3989
26.0
7767
29.0
4482
532.0
2692
513.0
4485
176.0
3980
103.0
2693
30.0
5525
32.0
2685
116.0
4479
52.0
5529
111.0
2688
37.0
3978
235.0
7757
24.0
4404
54.0
6699
334.0
4406
52.0
1105
26.0
1102
25.0
5535
84.0
1103
226.0
1101
48.0
5534
232.0
5543
28.0
5540
90.0
6689
24.0
4418
20.0
5548
200.0
6691
87.0
4420
36.0
4421
53.0
6695
45.0
6696
20.0
1125
25.0
4422
22.0
4425
23.0
4424
34.0
4427
146.0
4426
83.0
6678
28.0
6677
21.0
5565
34.0
1132
51.0
5564
334.0
5563
39.0
5566
85.0
4436
21.0
1112
108.0
6673
30.0
6675
30.0
5574
175.0
4440
60.0
6671
56.0
4441
791.0
6657
72.0
7700
25.0
6659
65.0
7709
34.0
6661
1420.0
1154
56.0
1151
53.0
6665
28.0
5582
45.0
5580
48.0
5581
89.0
1135
99.0
5596
111.0
1143
27.0
6652
74.0
6651
149.0
6654
21.0
5594
63.0
1169
28.0
1167
95.0
5599
23.0
6635
77.0
3900
28.0
3904
486.0
6643
97.0
6642
28.0
1172
86.0
6640
33.0
1173
91.0
6626
65.0
1161
211.0
6631
35.0
609
594.0
605
2194.0
602
57.0
623
41.0
620
26.0
629
72.0
616
234.0
615
101.0
6595
81.0
6593
167.0
6599
135.0
6597
28.0
6590
33.0
3107
35.0
6589
23.0
3102
114.0
687
2927.0
686
393.0
689
47.0
7678
111.0
2645
104.0
683
30.0
3149
99.0
3147
70.0
2640
105.0
2649
74.0
7684
27.0
3155
27.0
3151
113.0
7687
752.0
7685
58.0
3139
62.0
2656
70.0
2655
35.0
677
500.0
673
50.0
679
423.0
3142
26.0
3145
151.0
2660
27.0
7699
286.0
3140
825.0
7698
41.0
2620
44.0
3994
44.0
3999
82.0
3128
840.0
2627
76.0
2626
188.0
3130
176.0
3132
920.0
3131
182.0
695
23.0
2632
74.0
3117
67.0
2634
31.0
698
20.0
3119
36.0
697
268.0
2638
170.0
691
24.0
692
129.0
3122
83.0
2609
66.0
2607
69.0
649
2242.0
2602
20.0
643
80.0
644
143.0
2600
1598.0
2601
63.0
3196
93.0
636
64.0
2613
23.0
2614
328.0
630
676.0
2610
57.0
3182
24.0
3181
82.0
660
50.0
3168
27.0
665
95.0
666
113.0
3177
22.0
3175
22.0
651
24.0
652
34.0
3157
427.0
655
33.0
653
62.0
3166
520.0
4390
72.0
1090
174.0
4399
463.0
4397
82.0
1970
44.0
1971
202.0
1972
296.0
4389
60.0
1974
26.0
1084
177.0
1083
155.0
1088
403.0
1990
85.0
1980
878.0
1078
554.0
1981
85.0
1985
90.0
1988
40.0
4376
40.0
1077
24.0
4372
32.0
4373
29.0
4371
22.0
7625
20.0
1995
121.0
1996
45.0
1991
48.0
2598
115.0
7628
36.0
4385
20.0
4386
40.0
1065
24.0
1064
46.0
4388
393.0
1061
55.0
7621
74.0
2586
172.0
4378
41.0
7617
64.0
1056
37.0
7654
104.0
7655
190.0
2584
99.0
4354
58.0
4347
34.0
4349
86.0
4361
83.0
7644
161.0
2571
421.0
5410
202.0
2570
94.0
4366
238.0
4365
1532.0
4356
60.0
7639
73.0
2564
50.0
4357
39.0
5402
133.0
4358
41.0
2566
39.0
7634
128.0
2561
49.0
7676
57.0
2559
321.0
4327
50.0
7667
27.0
2557
50.0
2552
212.0
4324
221.0
7660
72.0
7661
90.0
4344
188.0
2551
57.0
4343
91.0
7662
57.0
7663
288.0
7664
110.0
7656
37.0
4339
104.0
7658
429.0
2541
30.0
2542
91.0
4336
29.0
4337
55.0
4301
33.0
1004
75.0
4303
158.0
4306
48.0
4308
204.0
5438
69.0
6556
142.0
5440
41.0
6564
108.0
1011
1280.0
5443
120.0
1010
30.0
6560
23.0
4312
223.0
6546
23.0
4318
419.0
6545
45.0
6547
81.0
1904
55.0
1905
87.0
1909
75.0
1908
40.0
6554
63.0
4321
41.0
5453
27.0
4322
117.0
6551
38.0
5416
55.0
6578
155.0
5415
22.0
1911
182.0
6580
188.0
5422
514.0
6584
54.0
6586
73.0
6567
34.0
5428
35.0
1920
157.0
5425
27.0
1926
58.0
1927
41.0
1923
159.0
6570
120.0
5431
1298.0
6571
28.0
6573
1353.0
6576
42.0
6577
37.0
1936
42.0
1934
32.0
1933
30.0
1939
92.0
6519
77.0
1047
53.0
5479
36.0
1046
129.0
1045
24.0
5478
21.0
6515
541.0
1930
348.0
1049
126.0
5485
249.0
5486
52.0
1053
52.0
1947
190.0
1946
510.0
1949
42.0
6509
87.0
1037
62.0
1941
117.0
1039
140.0
6504
23.0
6511
160.0
5496
140.0
1042
20.0
1044
795.0
5490
284.0
5491
55.0
6536
41.0
1950
58.0
5457
25.0
6538
203.0
5462
96.0
1969
34.0
1017
22.0
6524
270.0
1962
46.0
1018
367.0
6526
50.0
6527
21.0
1013
180.0
6528
40.0
1015
70.0
1961
34.0
1960
540.0
5469
50.0
5474
115.0
5477
171.0
5473
248.0
6532
92.0
