8225
38.0
8220
25.0
3282
80.0
3281
22.0
6871
37.0
5372
32.0
5371
47.0
6872
60.0
3288
42.0
3287
266.0
531
20.0
3278
40.0
6868
55.0
6866
49.0
2952
208.0
539
37.0
2956
32.0
1823
32.0
2958
30.0
8219
43.0
6094
77.0
6095
188.0
8213
39.0
8212
30.0
8210
41.0
5360
130.0
5363
112.0
6097
42.0
2940
277.0
2
112.0
6879
21.0
1
208.0
6875
35.0
2948
76.0
2947
69.0
1814
20.0
9
311.0
1817
55.0
1818
29.0
8207
24.0
6080
57.0
8243
30.0
8242
87.0
8247
99.0
6085
37.0
8249
34.0
8248
2177.0
5355
214.0
5352
29.0
5351
21.0
1841
36.0
2970
32.0
5349
21.0
2978
43.0
1846
66.0
6072
25.0
6073
210.0
6074
28.0
2100
295.0
1830
72.0
521
25.0
2965
103.0
524
39.0
3240
131.0
7591
22.0
2992
44.0
572
40.0
5324
488.0
2108
441.0
5329
198.0
576
23.0
2998
20.0
2999
51.0
7587
366.0
3254
48.0
2990
366.0
7582
35.0
584
25.0
3246
44.0
5316
42.0
2982
33.0
5317
110.0
589
134.0
2986
24.0
3263
27.0
7572
161.0
2130
148.0
3260
92.0
7578
51.0
1802
25.0
559
29.0
3257
62.0
3256
20.0
7562
35.0
2141
35.0
3273
63.0
569
33.0
568
26.0
2134
70.0
562
46.0
3269
25.0
2136
30.0
563
32.0
6018
37.0
6025
31.0
3200
244.0
6020
54.0
6022
48.0
1892
101.0
1893
20.0
1899
42.0
3206
49.0
6007
25.0
3208
68.0
2161
32.0
6015
25.0
8293
734.0
8296
96.0
8290
25.0
6801
272.0
2168
262.0
6803
27.0
6805
51.0
6804
22.0
3222
535.0
2174
39.0
2175
51.0
2177
32.0
2173
273.0
3227
57.0
6815
712.0
3226
49.0
6818
138.0
2914
26.0
2912
49.0
6826
47.0
1862
31.0
2911
64.0
6821
62.0
6822
39.0
6069
21.0
6065
53.0
6064
26.0
2196
559.0
2198
50.0
6060
30.0
8269
31.0
2190
98.0
2901
22.0
2902
34.0
2905
30.0
8255
28.0
4709
248.0
2935
98.0
2932
58.0
6843
29.0
2933
170.0
4701
51.0
1887
90.0
6846
20.0
1881
84.0
4700
39.0
6849
33.0
8281
82.0
6047
30.0
6049
24.0
8282
63.0
6851
25.0
8288
57.0
8286
135.0
6040
20.0
2927
20.0
2928
115.0
4719
87.0
4712
33.0
6855
30.0
4714
134.0
1875
74.0
1873
57.0
6858
89.0
1880
94.0
6033
30.0
8274
185.0
8277
38.0
4616
42.0
4615
20.0
4610
197.0
4604
45.0
4640
49.0
4631
195.0
4637
459.0
4621
39.0
4623
50.0
4625
21.0
4627
105.0
4628
59.0
4656
21.0
4647
76.0
4642
77.0
4644
90.0
4645
35.0
4683
464.0
4682
151.0
4679
20.0
4673
85.0
7537
30.0
7539
149.0
7541
37.0
4688
123.0
7551
90.0
4691
22.0
4692
67.0
7553
20.0
7517
100.0
7514
21.0
7523
44.0
594
31.0
7527
81.0
7525
30.0
7534
42.0
7506
111.0
7512
22.0
7510
88.0
5379
68.0
5393
171.0
5391
50.0
5392
190.0
6770
25.0
5232
131.0
8122
35.0
7493
94.0
7492
50.0
8119
251.0
1729
35.0
6768
25.0
1722
160.0
2853
81.0
6766
42.0
1721
92.0
2203
21.0
5225
84.0
7486
27.0
5220
139.0
8117
40.0
409
84.0
1718
55.0
408
21.0
1713
26.0
6777
42.0
400
199.0
6776
35.0
2844
291.0
2215
37.0
6779
62.0
2218
29.0
402
81.0
2213
123.0
8102
22.0
418
22.0
1706
37.0
1707
22.0
410
37.0
6748
470.0
413
30.0
2831
660.0
2834
37.0
411
25.0
5245
42.0
2826
39.0
2824
33.0
5238
41.0
420
36.0
6754
58.0
3386
40.0
3387
144.0
7457
53.0
2249
72.0
431
22.0
7446
30.0
7443
314.0
2259
27.0
2889
43.0
445
22.0
2886
20.0
2885
25.0
441
35.0
442
70.0
2257
65.0
2883
111.0
7472
75.0
2231
60.0
7473
43.0
7474
25.0
2230
29.0
2872
88.0
454
22.0
2229
20.0
2227
135.0
2878
127.0
456
414.0
7467
59.0
7463
37.0
2870
25.0
5202
58.0
7462
50.0
2862
169.0
3367
38.0
2236
27.0
466
66.0
7459
218.0
3339
20.0
3337
34.0
3342
23.0
2296
82.0
2293
32.0
2294
30.0
1799
22.0
1798
57.0
3352
115.0
8193
35.0
2267
21.0
1784
45.0
3317
27.0
8184
29.0
2272
84.0
8182
29.0
2275
32.0
8188
106.0
3322
30.0
1771
137.0
3325
22.0
1772
24.0
1778
32.0
3328
93.0
3332
30.0
8171
43.0
8179
49.0
2811
48.0
1763
40.0
6727
82.0
1762
52.0
2815
25.0
8168
24.0
8169
84.0
8162
69.0
2800
155.0
1754
27.0
3301
25.0
1752
117.0
3300
166.0
6736
145.0
2802
25.0
1758
35.0
6742
23.0
8150
20.0
8151
76.0
8152
156.0
1747
28.0
8148
76.0
8144
22.0
1730
213.0
6715
150.0
1734
37.0
1736
43.0
1735
36.0
6718
204.0
1739
86.0
6719
32.0
37
89.0
42
30.0
4513
20.0
28
193.0
32
29.0
4505
58.0
18
70.0
11
22.0
4558
55.0
80
61.0
4548
27.0
8099
2292.0
59
271.0
57
76.0
8094
184.0
8092
27.0
8097
72.0
8096
158.0
4538
115.0
4539
32.0
1695
98.0
1696
20.0
46
26.0
4530
96.0
4599
112.0
487
358.0
473
83.0
4589
36.0
7408
26.0
4587
90.0
7413
57.0
4596
35.0
2788
105.0
2783
42.0
2791
46.0
7420
24.0
7421
35.0
7424
36.0
99
186.0
96
30.0
93
36.0
7425
1103.0
4568
22.0
4567
27.0
2796
24.0
495
65.0
2794
38.0
4565
30.0
5267
21.0
5270
143.0
5273
150.0
5276
70.0
5279
40.0
5289
92.0
5288
124.0
5290
45.0
5292
349.0
5297
131.0
8419
237.0
8416
211.0
8415
111.0
3479
40.0
336
183.0
7356
27.0
7352
44.0
8424
35.0
344
20.0
7337
55.0
348
46.0
3493
29.0
3490
72.0
7342
24.0
3494
20.0
3495
35.0
8414
32.0
8412
20.0
8438
24.0
315
299.0
313
21.0
7331
51.0
7333
70.0
8442
77.0
8427
90.0
328
68.0
324
31.0
5128
31.0
5126
85.0
7392
208.0
8463
20.0
5132
34.0
7399
37.0
305
340.0
8449
111.0
7382
22.0
1600
62.0
5106
30.0
5107
31.0
1608
54.0
7372
40.0
5114
90.0
7374
45.0
5112
95.0
7375
36.0
7379
64.0
8475
82.0
7364
24.0
7366
64.0
4045
35.0
1626
120.0
1628
25.0
4920
102.0
1622
88.0
1621
24.0
1624
96.0
4922
27.0
6299
72.0
6298
49.0
6293
74.0
6291
20.0
3407
52.0
4937
46.0
4939
27.0
3400
34.0
4931
24.0
1611
325.0
4934
21.0
1610
181.0
4025
151.0
6284
24.0
6286
57.0
6281
125.0
3418
67.0
4946
34.0
3414
55.0
4018
21.0
3410
30.0
3430
39.0
4013
99.0
6278
35.0
6270
44.0
4958
30.0
3429
39.0
4008
343.0
3428
45.0
3427
81.0
4951
40.0
3421
138.0
3424
67.0
6266
41.0
6268
39.0
6265
23.0
3434
108.0
1663
60.0
3432
76.0
3438
65.0
1665
393.0
1668
37.0
6257
35.0
6254
57.0
3443
258.0
3446
35.0
6240
60.0
3463
37.0
1693
64.0
3461
27.0
1688
20.0
1689
23.0
3456
34.0
3457
69.0
4909
96.0
4905
124.0
1681
90.0
6236
181.0
6233
311.0
3470
20.0
6234
37.0
6226
96.0
1675
35.0
3467
32.0
4915
95.0
1576
30.0
6217
40.0
4888
74.0
4889
28.0
1589
29.0
6216
22.0
4891
67.0
4894
95.0
4893
25.0
6224
32.0
6223
40.0
4096
21.0
4093
109.0
6201
79.0
6200
95.0
4855
37.0
4854
70.0
4076
56.0
4842
54.0
4083
25.0
4088
20.0
4850
79.0
4085
32.0
4874
157.0
3505
23.0
3508
50.0
4051
222.0
4052
43.0
4880
36.0
4059
40.0
4865
227.0
4870
458.0
5948
20.0
5947
677.0
5944
73.0
5177
328.0
5176
47.0
5936
52.0
5930
156.0
5932
73.0
5142
21.0
5143
46.0
5971
56.0
5145
27.0
5966
165.0
394
47.0
5961
20.0
396
25.0
5951
295.0
5148
34.0
5954
21.0
384
208.0
381
387.0
5991
25.0
7300
73.0
371
66.0
5980
47.0
375
31.0
374
34.0
377
63.0
7309
47.0
376
29.0
365
287.0
364
67.0
367
29.0
8400
23.0
5191
41.0
351
21.0
7205
44.0
2006
145.0
2005
34.0
8317
32.0
8316
128.0
8318
55.0
7210
80.0
7211
41.0
203
115.0
8308
73.0
8310
40.0
8311
175.0
7201
44.0
215
79.0
7227
47.0
219
58.0
217
125.0
7234
35.0
7237
285.0
222
98.0
229
218.0
7225
93.0
7223
35.0
2001
30.0
5918
87.0
5910
180.0
7253
49.0
8360
22.0
7256
50.0
8362
71.0
7259
57.0
7258
21.0
8363
20.0
8367
119.0
5926
47.0
5928
32.0
5929
35.0
7243
21.0
7245
31.0
8354
229.0
6190
117.0
6192
94.0
6193
31.0
8357
263.0
6195
51.0
8339
29.0
6994
40.0
7279
28.0
6995
67.0
6992
151.0
6990
22.0
7276
20.0
5905
26.0
5906
22.0
7268
22.0
5000
30.0
5003
393.0
7261
27.0
7260
42.0
7292
136.0
7293
50.0
2098
32.0
6163
100.0
2097
99.0
7299
31.0
7296
471.0
2094
44.0
6168
170.0
2093
708.0
3537
49.0
6966
30.0
6968
24.0
3539
97.0
4827
34.0
8397
41.0
8398
79.0
8390
51.0
7287
20.0
6152
29.0
8392
90.0
3547
76.0
4831
180.0
4838
80.0
1515
24.0
6181
32.0
6183
29.0
2070
37.0
8386
22.0
6189
507.0
2074
82.0
8381
39.0
2073
20.0
8382
27.0
2076
46.0
6185
30.0
8380
205.0
1501
50.0
6944
95.0
4807
30.0
4804
40.0
1509
150.0
4808
30.0
4809
106.0
8379
72.0
6171
21.0
6961
45.0
2083
37.0
6179
41.0
8372
47.0
6178
20.0
8373
26.0
2089
22.0
6176
24.0
6958
30.0
6959
76.0
6956
33.0
2079
20.0
4812
20.0
3527
32.0
4818
24.0
1570
147.0
6121
73.0
2055
74.0
1572
55.0
3583
44.0
2051
48.0
6928
22.0
6929
30.0
6116
414.0
6118
20.0
6924
40.0
6925
183.0
1560
26.0
3593
369.0
2067
277.0
2063
47.0
2060
24.0
1557
44.0
6931
783.0
6105
29.0
1554
45.0
2032
35.0
6143
54.0
3561
172.0
2033
387.0
2034
45.0
3560
37.0
2027
103.0
3554
73.0
2029
22.0
3558
25.0
1547
32.0
6136
44.0
6134
24.0
3572
48.0
6132
30.0
3571
21.0
2045
26.0
3574
134.0
6131
22.0
6918
39.0
6915
24.0
3565
59.0
1532
21.0
3567
65.0
6910
22.0
1475
72.0
4797
25.0
1480
90.0
1483
30.0
1491
35.0
4790
46.0
1494
21.0
1495
20.0
4792
76.0
1459
147.0
1458
161.0
4776
116.0
4775
29.0
4782
94.0
4768
90.0
1466
22.0
5898
76.0
1464
165.0
6100
107.0
1471
26.0
4772
35.0
3621
56.0
3620
180.0
4752
20.0
3619
99.0
4746
61.0
3607
70.0
4733
149.0
1498
48.0
4740
40.0
4724
27.0
4722
548.0
285
80.0
5026
140.0
5024
145.0
282
71.0
288
139.0
5016
24.0
5030
41.0
5035
30.0
273
72.0
275
27.0
276
311.0
5830
44.0
5833
4767.0
277
137.0
5832
281.0
5837
38.0
5048
25.0
5825
42.0
5820
55.0
5828
59.0
5050
49.0
5056
44.0
296
104.0
5059
30.0
5055
38.0
5813
56.0
5815
50.0
298
29.0
5819
148.0
5065
39.0
5893
29.0
5060
30.0
5886
81.0
246
22.0
5077
200.0
5881
50.0
5883
28.0
230
22.0
5072
333.0
234
51.0
5877
52.0
262
40.0
5872
86.0
260
41.0
5080
20.0
5868
148.0
5865
38.0
266
343.0
5864
142.0
5861
39.0
5099
20.0
5094
87.0
257
23.0
259
351.0
254
61.0
1410
39.0
941
37.0
940
49.0
1417
37.0
1416
106.0
948
20.0
6490
69.0
6494
59.0
931
99.0
932
48.0
6469
84.0
925
25.0
6479
35.0
1445
176.0
916
62.0
910
34.0
1451
39.0
988
61.0
981
43.0
964
35.0
962
24.0
960
44.0
954
42.0
953
132.0
1404
30.0
3683
32.0
3684
40.0
4292
30.0
4291
20.0
4294
50.0
4296
20.0
3690
49.0
4295
57.0
4298
20.0
4297
57.0
3693
32.0
3688
64.0
5800
20.0
5807
35.0
996
50.0
999
420.0
2500
27.0
3633
46.0
3631
30.0
2518
73.0
2512
50.0
3662
57.0
3660
28.0
3659
169.0
3656
22.0
3668
71.0
2532
46.0
3723
44.0
3722
30.0
5737
161.0
3721
20.0
2431
30.0
2440
44.0
5740
40.0
7066
82.0
4217
22.0
3713
36.0
2420
71.0
2421
92.0
2423
27.0
3717
59.0
7070
20.0
7073
25.0
7075
92.0
4227
224.0
2456
102.0
3741
175.0
4224
25.0
5757
181.0
4228
74.0
5759
33.0
7041
82.0
2463
35.0
5762
389.0
3730
560.0
4237
25.0
2444
38.0
2445
56.0
4239
24.0
5768
55.0
7052
61.0
4241
89.0
7055
98.0
4242
58.0
7056
30.0
7988
911.0
7987
28.0
2484
25.0
7993
45.0
7975
131.0
7977
35.0
5703
26.0
2464
64.0
2466
59.0
2471
237.0
2472
31.0
4266
39.0
2470
37.0
5717
27.0
3706
220.0
3705
85.0
2498
95.0
4268
81.0
7969
67.0
3702
52.0
7966
135.0
4278
199.0
7088
30.0
4276
46.0
7085
25.0
7080
329.0
2487
46.0
7959
20.0
7955
35.0
7961
54.0
2490
44.0
4284
53.0
7091
40.0
4281
70.0
1396
42.0
1394
25.0
7946
111.0
6418
41.0
1382
319.0
7933
50.0
6404
168.0
7938
187.0
1376
44.0
1375
211.0
1377
67.0
7930
44.0
7921
62.0
7920
26.0
7916
22.0
1397
37.0
7913
200.0
7918
119.0
1350
53.0
6464
52.0
6465
41.0
7907
32.0
7018
97.0
6459
27.0
1344
31.0
7903
20.0
5794
93.0
6450
50.0
7032
35.0
6454
33.0
6456
84.0
6446
52.0
1337
137.0
6448
50.0
1338
81.0
5787
59.0
7003
107.0
1370
20.0
6444
30.0
6442
532.0
1374
36.0
7000
24.0
7001
24.0
1371
61.0
1364
201.0
5798
249.0
7014
24.0
7012
70.0
6430
44.0
6424
85.0
7009
20.0
805
69.0
1315
24.0
158
25.0
1313
378.0
154
81.0
6350
104.0
1325
82.0
6358
30.0
169
87.0
1327
69.0
161
84.0
6362
22.0
6368
22.0
822
88.0
177
22.0
176
283.0
170
20.0
171
39.0
175
289.0
172
77.0
6370
244.0
1306
27.0
813
52.0
814
111.0
816
24.0
817
44.0
1300
106.0
189
30.0
181
46.0
182
24.0
183
50.0
809
21.0
6381
24.0
114
82.0
110
156.0
849
25.0
119
20.0
6398
30.0
6399
22.0
125
38.0
839
108.0
129
2431.0
134
77.0
132
112.0
863
39.0
130
46.0
144
24.0
852
968.0
859
73.0
142
25.0
880
20.0
882
22.0
4194
70.0
876
20.0
873
45.0
4187
25.0
4182
42.0
4180
143.0
3781
44.0
2404
76.0
2403
37.0
2400
59.0
2408
25.0
3791
30.0
3794
20.0
2414
39.0
3788
227.0
3787
68.0
3754
26.0
3759
136.0
3770
66.0
3767
30.0
3768
24.0
3869
29.0
2333
157.0
4108
176.0
7896
100.0
7169
38.0
7168
44.0
2342
21.0
7167
20.0
4113
29.0
2341
105.0
7164
20.0
4114
51.0
2324
80.0
7876
40.0
2327
32.0
5647
91.0
4121
56.0
4124
70.0
7882
25.0
4123
57.0
2330
30.0
3848
54.0
5617
33.0
2313
34.0
7187
1113.0
7181
72.0
7185
20.0
7184
54.0
7183
32.0
3839
27.0
3835
40.0
2306
32.0
5624
29.0
2302
88.0
5621
20.0
3830
28.0
4102
211.0
4101
29.0
7196
30.0
7845
73.0
3824
137.0
7844
57.0
3827
32.0
7850
26.0
2380
118.0
2385
180.0
2368
51.0
2367
177.0
7833
35.0
7834
20.0
3814
570.0
3815
20.0
3817
58.0
3819
126.0
4162
32.0
4163
23.0
2373
97.0
4168
1016.0
7869
56.0
3808
22.0
3805
118.0
4132
29.0
7875
405.0
7872
29.0
7854
69.0
2347
76.0
7855
21.0
2343
57.0
2352
50.0
7864
31.0
1293
50.0
7801
76.0
7831
27.0
109
122.0
1269
59.0
1268
89.0
101
293.0
1267
58.0
1266
47.0
1265
105.0
1261
20.0
2396
32.0
2395
204.0
2393
22.0
7115
29.0
1260
121.0
7812
20.0
7811
20.0
7816
27.0
2387
26.0
1257
37.0
2388
75.0
5680
20.0
5684
70.0
7122
44.0
1250
77.0
5678
60.0
5679
54.0
1243
33.0
7118
21.0
5690
20.0
6311
42.0
7136
81.0
7134
25.0
5697
31.0
6308
25.0
6307
25.0
1236
49.0
6306
76.0
7128
181.0
5662
70.0
7144
299.0
7146
123.0
7147
41.0
6338
1355.0
7139
22.0
1225
37.0
7151
57.0
7156
47.0
7157
95.0
6335
37.0
5669
33.0
1210
50.0
1212
37.0
904
27.0
903
76.0
906
26.0
900
103.0
8015
47.0
8012
147.0
746
46.0
749
28.0
8025
105.0
8023
117.0
736
35.0
720
129.0
8040
32.0
8047
20.0
8046
406.0
8045
97.0
711
33.0
8059
99.0
8052
64.0
8050
22.0
4963
21.0
4962
167.0
700
23.0
703
92.0
707
36.0
8069
67.0
8064
25.0
4980
93.0
4972
37.0
4975
28.0
8077
112.0
8070
20.0
8073
26.0
4985
76.0
4986
35.0
8089
26.0
8087
44.0
1209
146.0
3005
50.0
2740
50.0
3009
72.0
3881
21.0
3883
35.0
3884
411.0
3891
25.0
3002
292.0
3892
66.0
3898
79.0
2766
137.0
3029
121.0
7799
74.0
2765
82.0
3896
25.0
3895
36.0
2770
24.0
798
92.0
2776
21.0
793
178.0
2780
20.0
785
56.0
786
31.0
788
22.0
2705
32.0
3053
35.0
780
69.0
3054
22.0
772
79.0
2712
35.0
2713
21.0
2719
22.0
3043
30.0
3044
30.0
763
66.0
2722
30.0
760
55.0
2729
73.0
2733
39.0
2736
22.0
2738
21.0
1198
235.0
7753
100.0
4491
34.0
7752
56.0
7751
20.0
3082
149.0
3081
22.0
3929
25.0
6612
188.0
6611
439.0
6614
110.0
3921
170.0
7745
35.0
1186
42.0
7740
249.0
3090
20.0
1179
50.0
3946
30.0
3940
29.0
3943
490.0
7723
130.0
7715
22.0
7711
50.0
7713
35.0
7790
214.0
2681
50.0
4448
35.0
2677
84.0
4444
55.0
3961
87.0
4464
27.0
7784
134.0
4460
200.0
5507
42.0
7777
68.0
5501
40.0
4457
31.0
2665
578.0
5500
25.0
3957
24.0
7776
23.0
4470
1762.0
7771
23.0
4475
27.0
5514
40.0
4467
40.0
3989
22.0
4482
131.0
7765
27.0
4485
139.0
2692
27.0
4479
29.0
5529
22.0
3978
85.0
1109
21.0
5539
34.0
4404
45.0
1105
20.0
6699
102.0
5538
29.0
1103
22.0
5536
30.0
5534
161.0
1101
22.0
5548
84.0
5547
20.0
6692
33.0
6694
50.0
6695
117.0
5556
48.0
4427
453.0
6679
25.0
6677
20.0
5564
170.0
5562
32.0
6681
82.0
5566
20.0
4436
118.0
6675
41.0
4440
62.0
1121
25.0
5575
40.0
4441
38.0
6659
77.0
7709
26.0
6661
82.0
1154
62.0
5580
44.0
5589
39.0
1135
35.0
1141
30.0
1143
21.0
6651
30.0
1167
30.0
5599
52.0
6635
155.0
3905
25.0
3904
146.0
3909
69.0
1172
38.0
1156
65.0
6630
28.0
1160
20.0
1161
87.0
600
30.0
609
59.0
605
1217.0
602
35.0
623
96.0
616
61.0
6593
29.0
3107
103.0
3106
37.0
3100
41.0
687
597.0
686
21.0
684
22.0
2649
93.0
3153
27.0
7687
89.0
3151
54.0
7685
26.0
2655
57.0
677
115.0
3142
194.0
3145
22.0
2660
58.0
2661
20.0
7697
39.0
7699
103.0
3140
80.0
3994
26.0
3128
124.0
2622
73.0
2627
20.0
2626
45.0
3130
20.0
3132
1023.0
3131
442.0
3114
26.0
2631
30.0
3117
24.0
3119
54.0
697
39.0
2638
159.0
692
140.0
2609
263.0
649
403.0
2600
94.0
644
37.0
2601
26.0
2615
39.0
632
50.0
2614
80.0
630
78.0
2610
20.0
3181
186.0
666
234.0
3171
32.0
3177
119.0
3175
22.0
3170
46.0
3157
30.0
650
32.0
3166
158.0
4399
183.0
4397
44.0
4389
30.0
1084
250.0
7600
25.0
1088
23.0
1990
140.0
1086
20.0
1980
39.0
1078
704.0
1079
24.0
1985
72.0
4373
52.0
7630
122.0
7625
37.0
1995
29.0
2598
48.0
1994
22.0
1064
53.0
4388
89.0
4379
35.0
7617
61.0
2588
92.0
2584
34.0
4354
47.0
2582
27.0
7644
182.0
5410
25.0
2571
35.0
2570
30.0
4366
20.0
4365
89.0
4356
29.0
5402
30.0
4358
20.0
7634
22.0
2562
32.0
2561
49.0
7676
20.0
7677
30.0
2559
30.0
4327
102.0
2557
195.0
7667
89.0
2552
131.0
4324
25.0
7660
112.0
2551
37.0
4344
39.0
7661
20.0
7664
20.0
4339
30.0
2546
83.0
7658
64.0
2541
30.0
2542
54.0
4301
144.0
4306
179.0
4308
51.0
5440
22.0
6564
104.0
1011
87.0
4315
70.0
4318
32.0
6545
21.0
6552
20.0
4321
27.0
4322
169.0
6578
33.0
1915
20.0
1913
23.0
1911
114.0
6580
89.0
6584
82.0
6586
127.0
5428
143.0
1920
33.0
1921
32.0
6569
29.0
5424
20.0
5431
1095.0
6570
158.0
6571
20.0
6573
772.0
1934
84.0
1933
109.0
1938
81.0
6519
20.0
1047
39.0
1046
42.0
6515
33.0
1930
52.0
1049
57.0
1053
76.0
1946
22.0
1037
40.0
1039
22.0
1941
99.0
6504
27.0
1042
22.0
1044
74.0
5490
30.0
1959
37.0
6538
113.0
5462
221.0
6541
30.0
1966
46.0
6524
92.0
1018
48.0
1013
75.0
6528
21.0
1960
43.0
5476
36.0
5477
95.0
5471
72.0
6530
22.0
6532
34.0
