8225
65.0
8224
60.0
8227
64.0
8226
192.0
8220
218.0
8223
36.0
8222
50.0
3282
868.0
6874
29.0
5373
152.0
3281
218.0
6871
231.0
5372
100.0
6872
663.0
5371
116.0
3286
210.0
3285
122.0
5377
119.0
3287
1916.0
531
127.0
3278
211.0
6869
39.0
2951
206.0
6868
65.0
535
86.0
6866
239.0
2952
4154.0
1822
62.0
533
53.0
2954
189.0
532
112.0
539
542.0
1826
59.0
2956
113.0
537
20.0
2959
72.0
1823
72.0
2958
65.0
8217
219.0
1829
261.0
8219
119.0
8216
71.0
6094
1028.0
6095
680.0
8213
87.0
8212
258.0
8211
20.0
6090
38.0
8210
297.0
3295
50.0
6883
51.0
5360
404.0
5363
1161.0
6885
215.0
5362
62.0
5365
20.0
6097
233.0
5364
213.0
6881
27.0
5366
36.0
2940
624.0
2
1016.0
6879
524.0
3289
66.0
1
3287.0
542
21.0
2944
104.0
544
38.0
6
191.0
6875
722.0
2942
39.0
5
94.0
546
40.0
2948
652.0
548
57.0
2947
840.0
9
3254.0
1814
98.0
8208
48.0
8209
38.0
1817
224.0
1818
160.0
8207
185.0
6080
114.0
8243
365.0
8242
2306.0
8247
117.0
6085
66.0
8249
106.0
8248
8735.0
5356
32.0
5355
3411.0
6089
54.0
5353
84.0
5352
115.0
5351
804.0
6896
57.0
6893
32.0
6894
43.0
1843
32.0
513
86.0
2974
29.0
1844
104.0
512
45.0
511
21.0
6887
79.0
1841
193.0
510
34.0
6886
125.0
2971
67.0
1840
143.0
5349
336.0
2970
301.0
1849
28.0
2978
108.0
516
90.0
1848
31.0
1846
299.0
514
42.0
8232
40.0
6072
175.0
6073
1654.0
6074
92.0
8235
170.0
6075
1776.0
6077
381.0
5345
138.0
6078
30.0
2100
752.0
1830
431.0
2966
176.0
521
215.0
2965
1231.0
524
60.0
2963
73.0
6899
73.0
529
22.0
1834
27.0
528
54.0
1836
89.0
527
20.0
7599
64.0
3240
122.0
2111
105.0
5331
25.0
3244
230.0
5332
54.0
7596
107.0
7591
38.0
2109
24.0
2992
237.0
5327
131.0
2104
125.0
2994
27.0
572
236.0
2101
557.0
5324
2294.0
2108
3123.0
5329
3066.0
2998
83.0
576
77.0
2999
153.0
3250
20.0
3251
149.0
7587
2803.0
2120
25.0
3254
92.0
2990
290.0
7582
443.0
5323
53.0
2989
95.0
5314
39.0
2112
36.0
2113
33.0
584
80.0
3246
29.0
5316
846.0
2982
415.0
2116
108.0
587
95.0
2988
127.0
5317
420.0
589
614.0
2118
65.0
2986
235.0
5319
169.0
3263
65.0
2133
85.0
2132
95.0
7572
217.0
7574
251.0
2130
6121.0
3260
603.0
7578
281.0
8200
77.0
8202
227.0
8204
162.0
1803
973.0
1802
68.0
559
63.0
1801
161.0
1800
59.0
556
45.0
2129
169.0
5308
46.0
554
135.0
3257
1130.0
3256
77.0
550
63.0
551
132.0
7562
418.0
2142
108.0
2141
20.0
3274
306.0
7560
165.0
2143
28.0
3272
424.0
7566
52.0
3273
508.0
7564
213.0
569
2969.0
7558
138.0
568
113.0
2134
407.0
561
130.0
3269
49.0
2135
956.0
562
1099.0
2136
28.0
563
99.0
3267
105.0
2145
37.0
6018
69.0
6017
35.0
6019
137.0
6025
148.0
3200
3128.0
6020
1188.0
6021
20.0
6022
99.0
3201
54.0
1894
83.0
2158
60.0
1895
67.0
3202
60.0
1892
863.0
1893
93.0
1898
36.0
6009
54.0
1899
265.0
3206
156.0
6007
460.0
3208
723.0
8297
83.0
8299
50.0
2161
302.0
6015
279.0
2162
265.0
8293
3907.0
8296
827.0
2160
52.0
8290
107.0
8292
74.0
2164
143.0
6801
740.0
3217
65.0
6803
556.0
2168
2298.0
6805
325.0
6804
172.0
6807
278.0
2174
43.0
3222
1595.0
2175
497.0
2177
208.0
6005
99.0
2173
1067.0
3227
249.0
3228
101.0
3229
49.0
3224
121.0
6815
498.0
3225
167.0
3226
330.0
6813
168.0
6818
139.0
2187
296.0
3230
84.0
2185
26.0
3233
161.0
3232
46.0
2914
168.0
1867
22.0
2912
422.0
1869
21.0
2918
53.0
6829
58.0
1862
93.0
6826
756.0
6827
27.0
2910
118.0
1864
161.0
6821
146.0
1863
191.0
2911
482.0
6822
89.0
6823
52.0
8262
52.0
6069
24.0
2193
77.0
2192
35.0
6068
207.0
8263
48.0
2195
45.0
2197
36.0
6065
52.0
2196
761.0
6064
40.0
2199
100.0
2198
98.0
6060
420.0
6062
33.0
8269
298.0
2191
284.0
2190
548.0
2901
671.0
505
86.0
2902
185.0
504
358.0
2905
672.0
2907
27.0
2908
231.0
6838
86.0
6833
106.0
1854
24.0
1853
270.0
6832
108.0
500
156.0
6841
23.0
8250
87.0
8252
37.0
6056
48.0
6055
396.0
6050
26.0
8255
670.0
4709
15142.0
1889
75.0
4708
38.0
2934
59.0
2935
575.0
4706
101.0
2932
56.0
6842
63.0
1886
147.0
6039
163.0
2933
1990.0
6843
222.0
1885
174.0
4701
247.0
4702
49.0
6845
50.0
1887
423.0
6846
104.0
1881
156.0
4700
41.0
1883
119.0
6849
224.0
8281
1143.0
6045
53.0
8284
44.0
6047
575.0
6850
361.0
6046
91.0
8282
420.0
6049
97.0
6851
110.0
8288
754.0
8286
2632.0
6040
77.0
2927
137.0
2928
998.0
2929
25.0
2923
256.0
4719
1144.0
6855
77.0
4712
47.0
2920
986.0
1875
527.0
4714
2571.0
1874
113.0
6859
27.0
1873
504.0
1872
33.0
6858
1191.0
4711
182.0
1880
1001.0
6033
129.0
6032
400.0
8270
140.0
6038
320.0
8271
32.0
8274
800.0
8275
183.0
8277
94.0
4616
133.0
4615
105.0
4610
901.0
4618
80.0
4617
233.0
4604
95.0
4609
101.0
4640
75.0
4634
1415.0
4631
507.0
4637
2110.0
4635
40.0
4621
64.0
4623
1543.0
4625
83.0
4627
155.0
4626
107.0
4628
762.0
4659
34.0
4657
202.0
4655
38.0
4656
38.0
4647
160.0
4642
177.0
4644
341.0
4645
125.0
4681
49.0
4683
755.0
4682
1382.0
4678
93.0
4675
57.0
4679
55.0
4672
52.0
4673
264.0
4666
82.0
7537
373.0
7539
1050.0
4699
231.0
7541
1125.0
7542
98.0
7544
40.0
7546
103.0
7547
55.0
4687
45.0
7551
204.0
7550
26.0
4691
22.0
4692
1011.0
7553
196.0
4690
29.0
7517
1045.0
7513
574.0
7514
237.0
7515
166.0
7521
35.0
7520
109.0
7523
221.0
594
1262.0
598
92.0
7527
500.0
7525
131.0
7534
83.0
7530
20.0
593
22.0
7501
92.0
7504
190.0
7503
30.0
7502
120.0
7508
127.0
7506
231.0
7512
542.0
7510
1456.0
5379
61.0
5386
61.0
5381
164.0
5393
870.0
5394
42.0
5399
325.0
5391
303.0
5392
580.0
6770
230.0
5234
114.0
6771
219.0
5232
348.0
7496
34.0
6774
103.0
6772
25.0
8122
199.0
8121
143.0
8123
151.0
8125
31.0
7493
1118.0
7492
39.0
8118
88.0
8119
8029.0
1729
458.0
1724
26.0
1725
30.0
1722
1071.0
6768
235.0
2854
59.0
2853
1131.0
6767
258.0
2206
175.0
5229
376.0
6766
154.0
1721
163.0
2203
1071.0
2201
20.0
5225
526.0
2852
64.0
2200
31.0
5226
78.0
2851
35.0
7486
193.0
7485
207.0
6781
33.0
2221
140.0
7489
71.0
5220
619.0
8117
451.0
409
150.0
1717
43.0
1718
443.0
408
136.0
2849
46.0
1713
133.0
1714
171.0
2847
242.0
2846
25.0
6777
82.0
401
48.0
2216
98.0
1710
58.0
2844
467.0
400
3643.0
6776
387.0
2215
100.0
6779
1486.0
2218
121.0
2217
121.0
402
260.0
5217
22.0
2213
94.0
5252
63.0
5251
341.0
5254
82.0
8106
155.0
8102
27.0
418
423.0
417
673.0
1703
104.0
1708
933.0
1706
436.0
1707
470.0
410
321.0
6748
3685.0
6747
134.0
414
117.0
413
377.0
2831
13355.0
2834
138.0
411
172.0
6763
205.0
5241
89.0
5243
65.0
5246
27.0
5245
1365.0
2827
23.0
2826
339.0
2824
128.0
428
183.0
2829
226.0
6759
61.0
5237
109.0
5238
131.0
421
94.0
420
60.0
6754
27.0
425
88.0
6757
109.0
2820
54.0
6756
49.0
7450
45.0
2253
88.0
2252
29.0
3387
3189.0
3380
38.0
7456
49.0
7457
198.0
436
50.0
2249
222.0
7449
123.0
431
231.0
3377
261.0
2244
23.0
430
85.0
2896
69.0
7441
35.0
3397
32.0
2891
860.0
3395
20.0
3396
25.0
3393
762.0
7445
53.0
7446
105.0
7443
358.0
2260
341.0
3392
505.0
2259
46.0
2888
121.0
7438
551.0
2889
617.0
445
108.0
2886
92.0
446
129.0
7437
41.0
2255
354.0
441
76.0
2885
49.0
2882
120.0
2257
865.0
442
500.0
3389
75.0
2883
337.0
449
50.0
7470
881.0
6797
37.0
7477
162.0
6796
365.0
7479
87.0
7472
186.0
5212
100.0
3362
241.0
450
29.0
2231
640.0
7473
92.0
2881
29.0
7474
113.0
5210
71.0
2230
284.0
7475
23.0
2871
121.0
2224
56.0
453
38.0
2872
363.0
454
227.0
2222
120.0
3357
80.0
5203
334.0
452
130.0
2228
31.0
7469
57.0
2229
70.0
6787
63.0
2226
98.0
5207
87.0
2227
652.0
456
2460.0
2878
481.0
2879
35.0
459
143.0
7467
403.0
7465
22.0
2870
88.0
2241
538.0
7463
211.0
2240
385.0
3376
51.0
5202
1148.0
7462
27.0
2862
609.0
462
204.0
2863
198.0
463
33.0
3368
102.0
464
39.0
3367
370.0
2236
99.0
466
1206.0
2237
40.0
6799
26.0
2238
140.0
7459
167.0
2868
230.0
2869
23.0
3339
195.0
3337
86.0
2288
67.0
3342
1429.0
2296
1456.0
2298
129.0
3340
139.0
2293
78.0
1799
163.0
1798
221.0
1795
157.0
1796
51.0
3347
46.0
1794
113.0
2299
110.0
8191
201.0
3352
492.0
3351
21.0
8193
176.0
8192
101.0
8196
20.0
2267
141.0
1782
28.0
2266
30.0
3314
86.0
2269
143.0
1784
222.0
1785
46.0
3312
43.0
3317
118.0
2270
102.0
8184
92.0
2272
403.0
3321
50.0
8182
685.0
8181
127.0
8180
36.0
2275
118.0
8188
618.0
1773
79.0
3322
511.0
1774
53.0
3323
95.0
2278
55.0
1771
1266.0
3324
38.0
3325
254.0
1772
216.0
1777
47.0
3326
152.0
3327
45.0
1778
242.0
3328
434.0
3330
20.0
2286
29.0
2287
194.0
1780
294.0
3332
173.0
8171
104.0
2285
180.0
8170
93.0
8179
907.0
1765
142.0
2811
120.0
2812
76.0
6724
32.0
1766
274.0
1763
727.0
6727
511.0
1762
194.0
6729
95.0
1769
45.0
2815
128.0
2816
164.0
1768
100.0
8167
22.0
8168
124.0
8169
267.0
8164
22.0
8162
1519.0
6735
606.0
1755
98.0
1754
959.0
2800
275.0
1752
961.0
3301
161.0
3300
1221.0
6736
1686.0
2806
81.0
2809
199.0
2802
106.0
3309
172.0
8154
48.0
6742
229.0
8150
51.0
8151
633.0
8152
2301.0
8153
93.0
1741
62.0
1740
79.0
6700
62.0
1745
119.0
6701
291.0
1747
289.0
1748
320.0
6707
31.0
6709
55.0
8148
131.0
8145
267.0
8144
116.0
8140
43.0
1730
1198.0
6714
309.0
6715
3121.0
1734
370.0
1732
49.0
6710
22.0
1731
263.0
1738
177.0
1737
231.0
1736
98.0
1735
457.0
6718
191.0
1739
326.0
6719
33.0
8136
108.0
8134
38.0
8131
34.0
4520
81.0
35
412.0
36
42.0
37
211.0
42
283.0
41
20.0
4513
170.0
4510
234.0
4517
63.0
4515
81.0
28
1232.0
32
126.0
4502
242.0
4503
67.0
4506
208.0
4505
275.0
19
51.0
18
62.0
16
21.0
11
160.0
20
24.0
79
40.0
4560
153.0
4562
46.0
4554
86.0
4558
299.0
4559
24.0
82
118.0
80
121.0
81
147.0
4553
65.0
4543
371.0
4544
137.0
4545
152.0
4548
42.0
4549
53.0
72
31.0
73
38.0
76
84.0
8099
6165.0
59
285.0
57
90.0
8094
1509.0
8092
343.0
8097
607.0
8098
39.0
8095
23.0
8096
1003.0
4538
576.0
1699
55.0
4539
175.0
4536
29.0
1695
348.0
1694
28.0
4535
469.0
1696
110.0
61
112.0
46
130.0
4530
622.0
4525
27.0
4526
43.0
4524
25.0
53
55.0
54
634.0
4599
443.0
487
742.0
485
56.0
484
76.0
489
262.0
488
26.0
7401
35.0
482
58.0
483
118.0
481
29.0
4589
50.0
473
124.0
4588
28.0
7407
131.0
7408
474.0
4587
65.0
7403
46.0
7413
188.0
7412
25.0
7410
1201.0
4596
87.0
4597
41.0
470
178.0
471
50.0
472
192.0
2788
999.0
7419
272.0
2783
275.0
2786
67.0
4578
708.0
4583
60.0
2791
28.0
7420
59.0
2792
1054.0
4585
38.0
4586
326.0
7421
117.0
4580
37.0
4581
158.0
7424
217.0
99
191.0
96
228.0
95
77.0
93
616.0
7428
70.0
499
55.0
7425
2980.0
2799
78.0
4568
53.0
4567
109.0
2796
213.0
2795
50.0
4566
180.0
2794
150.0
4565
177.0
4575
65.0
492
87.0
4572
39.0
4570
56.0
88
26.0
5260
120.0
5263
205.0
5267
626.0
5265
458.0
5269
155.0
5270
129.0
5273
690.0
5275
36.0
5276
77.0
5277
71.0
5279
273.0
5281
146.0
5289
1270.0
5288
252.0
5286
63.0
5290
57.0
5292
1707.0
5293
106.0
5298
40.0
5294
24.0
5295
194.0
5297
3066.0
8419
588.0
8416
1678.0
8415
337.0
8417
110.0
3479
185.0
331
22.0
336
380.0
7349
295.0
7356
111.0
3484
47.0
7352
76.0
8422
29.0
8424
215.0
8420
259.0
8409
376.0
8404
41.0
342
28.0
3488
24.0
344
126.0
7337
155.0
348
1002.0
3492
65.0
7346
80.0
3493
62.0
3490
454.0
7344
42.0
7345
173.0
7342
44.0
3494
36.0
3495
279.0
8414
272.0
8411
139.0
8412
77.0
8438
396.0
315
1093.0
7329
81.0
313
417.0
310
172.0
3498
28.0
7331
643.0
7332
23.0
7333
348.0
8440
39.0
8442
4482.0
8429
263.0
8427
545.0
327
67.0
328
669.0
324
135.0
325
74.0
7316
77.0
7321
435.0
7324
147.0
7323
59.0
8432
74.0
5128
45.0
5126
206.0
7392
2992.0
8466
55.0
8468
115.0
8463
50.0
8462
79.0
8465
29.0
5132
199.0
7399
263.0
5130
105.0
8461
120.0
5136
73.0
7396
85.0
5134
363.0
7397
632.0
5115
139.0
5116
72.0
5117
103.0
303
20.0
305
633.0
308
20.0
309
72.0
8449
1013.0
7383
294.0
7382
89.0
7381
62.0
5121
95.0
5109
159.0
1600
103.0
5106
206.0
5107
223.0
5104
222.0
1608
188.0
7372
189.0
5114
175.0
7374
240.0
5112
289.0
5111
61.0
7375
122.0
7378
62.0
7379
522.0
7359
155.0
8475
515.0
7364
54.0
7363
262.0
5102
249.0
8472
67.0
7369
327.0
7368
204.0
7367
93.0
7366
581.0
4041
428.0
4040
53.0
4047
39.0
4046
92.0
4045
85.0
4927
63.0
1626
203.0
1628
94.0
4926
135.0
4929
112.0
4920
128.0
1622
2322.0
1621
149.0
4924
21.0
4921
422.0
1624
776.0
4922
121.0
6299
193.0
4034
45.0
6298
644.0
6296
50.0
6294
85.0
6293
78.0
6291
97.0
1617
180.0
3407
1361.0
4937
290.0
1616
167.0
4938
229.0
3409
72.0
3400
86.0
4026
44.0
4931
464.0
1613
252.0
3404
68.0
4932
20.0
1611
590.0
4934
252.0
1610
80.0
4025
1316.0
6285
24.0
6284
27.0
3420
62.0
6287
37.0
6286
21.0
4022
100.0
6281
358.0
6280
125.0
1647
100.0
4947
105.0
3418
106.0
4948
169.0
4946
871.0
3416
34.0
4943
31.0
4019
284.0
1645
65.0
3414
514.0
4017
61.0
4018
326.0
4940
79.0
3410
250.0
3430
363.0
4013
405.0
6279
803.0
6278
1734.0
6271
26.0
6270
332.0
4958
298.0
3429
380.0
4008
897.0
3426
480.0
3425
135.0
3428
204.0
3427
397.0
4950
240.0
4004
36.0
1630
42.0
4951
138.0
3421
283.0
3424
497.0
4006
127.0
4007
40.0
6266
136.0
6268
178.0
6262
114.0
6263
292.0
6264
25.0
4000
32.0
1671
122.0
4001
87.0
6265
74.0
3434
1070.0
1662
20.0
3432
71.0
1663
400.0
3438
226.0
1665
349.0
6259
214.0
1666
230.0
1668
672.0
6257
323.0
6253
156.0
6254
130.0
3443
962.0
1652
165.0
1651
144.0
3446
290.0
3447
139.0
1657
50.0
3448
24.0
6249
101.0
6240
235.0
3464
41.0
3463
141.0
1693
551.0
6242
64.0
3461
493.0
1692
535.0
3460
148.0
6245
73.0
4902
231.0
4900
62.0
3458
21.0
1689
251.0
1683
161.0
3456
897.0
3457
325.0
3455
109.0
4909
648.0
4906
53.0
4905
3407.0
1682
114.0
3473
177.0
3472
53.0
1681
804.0
6232
99.0
3474
62.0
6236
1915.0
6233
1887.0
3470
178.0
6234
108.0
4911
67.0
3469
51.0
4913
60.0
1676
31.0
1677
64.0
4912
71.0
6226
566.0
3465
71.0
1675
536.0
3467
430.0
4915
485.0
4914
140.0
6206
163.0
1579
70.0
1576
550.0
4895
568.0
1575
24.0
6214
77.0
4888
333.0
6217
225.0
4889
995.0
1589
199.0
6216
239.0
4884
78.0
1586
47.0
1593
117.0
1594
87.0
4891
317.0
1591
27.0
4894
215.0
4893
89.0
6225
44.0
1590
35.0
6224
223.0
6223
329.0
1598
110.0
1597
110.0
1599
104.0
4098
85.0
4096
308.0
4093
1794.0
6203
46.0
6201
245.0
6200
620.0
4857
104.0
4856
116.0
4855
522.0
4854
844.0
4072
24.0
4860
24.0
4078
36.0
4076
698.0
4846
122.0
4841
203.0
4840
125.0
4842
137.0
4080
71.0
4083
77.0
4088
332.0
4850
821.0
4085
77.0
4087
336.0
4874
618.0
4873
146.0
3505
296.0
3502
21.0
4878
45.0
3508
289.0
3506
329.0
4053
68.0
4051
354.0
4052
111.0
4882
37.0
4058
88.0
4880
130.0
4056
51.0
4059
115.0
4865
509.0
4870
6872.0
4871
197.0
4872
69.0
5168
27.0
5165
90.0
5162
416.0
5949
88.0
5947
4684.0
5944
35.0
5177
819.0
5176
223.0
5171
125.0
5933
52.0
5936
43.0
5930
814.0
5932
1823.0
5931
20.0
5142
35.0
5143
30.0
5146
84.0
5972
37.0
5970
160.0
5145
1136.0
5968
22.0
5966
2835.0
5154
155.0
5155
20.0
392
89.0
5156
22.0
5961
147.0
394
28.0
5959
54.0
396
269.0
5148
60.0
5951
1203.0
398
39.0
5954
318.0
399
224.0
5956
191.0
5958
154.0
5994
870.0
383
221.0
384
1388.0
381
2092.0
5991
378.0
7300
330.0
7303
80.0
5989
157.0
5986
52.0
386
324.0
5985
63.0
7310
111.0
5981
183.0
5980
177.0
371
3109.0
5983
175.0
372
146.0
7313
71.0
7311
24.0
378
132.0
7304
35.0
7305
363.0
375
1840.0
374
810.0
7308
64.0
377
1077.0
7309
135.0
376
84.0
5976
156.0
5181
38.0
360
66.0
366
56.0
365
2883.0
364
213.0
369
44.0
367
21.0
8401
26.0
8400
36.0
5191
396.0
5196
30.0
350
150.0
351
55.0
5995
28.0
353
33.0
5997
49.0
355
553.0
5999
71.0
359
49.0
2008
79.0
7205
511.0
2006
430.0
2007
77.0
7209
83.0
2005
180.0
8317
244.0
8316
548.0
8318
90.0
8322
40.0
8326
172.0
7210
65.0
2010
33.0
7211
599.0
7212
344.0
7215
69.0
2017
59.0
203
726.0
204
101.0
2014
102.0
200
207.0
8308
479.0
8306
157.0
8305
32.0
208
230.0
8310
203.0
8311
930.0
7203
27.0
7201
192.0
3598
47.0
3597
21.0
212
64.0
210
49.0
215
141.0
216
232.0
7227
1024.0
219
32.0
217
680.0
8302
39.0
7234
546.0
7237
264.0
7232
86.0
222
1301.0
225
47.0
7217
129.0
227
196.0
229
2396.0
7225
830.0
7226
199.0
7223
160.0
7222
112.0
2001
40.0
5918
282.0
5916
98.0
7249
217.0
5912
193.0
5910
394.0
7253
126.0
7252
96.0
8360
48.0
7256
222.0
7259
243.0
8362
101.0
7258
72.0
8364
40.0
8363
135.0
8365
33.0
8367
1953.0
5926
164.0
5928
37.0
5929
22.0
7238
87.0
7239
118.0
7243
84.0
8351
32.0
7248
43.0
7246
76.0
7245
25.0
8354
785.0
8353
71.0
6190
1287.0
8352
356.0
8359
128.0
6192
805.0
6193
718.0
8357
714.0
6194
214.0
6195
126.0
8339
59.0
5006
72.0
6994
237.0
7279
442.0
6995
415.0
6992
625.0
7275
37.0
6990
443.0
5014
70.0
7277
139.0
7276
157.0
7271
329.0
7273
118.0
8347
187.0
7272
62.0
8343
78.0
5905
100.0
5906
39.0
5908
64.0
5900
142.0
6997
167.0
6998
77.0
5000
399.0
7268
215.0
5002
27.0
7265
189.0
5003
1303.0
7262
81.0
7261
296.0
7260
472.0
8330
84.0
2090
295.0
7294
225.0
6162
53.0
7292
924.0
7293
64.0
2098
87.0
6163
434.0
7299
1018.0
2097
165.0
3541
74.0
6166
27.0
7296
633.0
7297
136.0
2094
26.0
6168
1276.0
2093
539.0
6167
113.0
6973
50.0
6963
150.0
1523
47.0
4824
53.0
3537
114.0
3536
115.0
6965
100.0
6966
250.0
6968
21.0
1521
82.0
1520
96.0
1526
46.0
4827
360.0
3539
1331.0
8397
288.0
8398
506.0
7282
20.0
7287
31.0
6153
121.0
8390
165.0
3552
165.0
6152
219.0
8392
594.0
7289
46.0
6156
105.0
6981
49.0
3547
578.0
1514
112.0
6977
20.0
1512
262.0
6974
189.0
4836
59.0
3548
450.0
3543
49.0
3542
144.0
3545
44.0
4831
2228.0
3544
37.0
4838
466.0
1515
245.0
6181
194.0
6183
400.0
2070
94.0
8384
39.0
6189
2377.0
8381
254.0
2074
209.0
8382
27.0
2073
97.0
2076
613.0
8380
1882.0
6185
170.0
6188
112.0
2077
238.0
6945
57.0
2069
39.0
6946
52.0
6947
382.0
1501
219.0
6941
158.0
3516
67.0
3515
38.0
6944
45.0
1502
20.0
4806
276.0
4807
296.0
4804
303.0
3517
186.0
1509
253.0
4808
37.0
4809
90.0
8378
130.0
6173
71.0
8379
2619.0
6171
127.0
2081
94.0
8376
467.0
6962
390.0
6961
305.0
6960
49.0
6179
216.0
8372
58.0
2083
104.0
6178
167.0
8373
591.0
6177
117.0
2089
38.0
2088
66.0
6176
86.0
2087
35.0
3530
47.0
6958
371.0
3520
380.0
6959
157.0
6956
100.0
2079
158.0
3525
26.0
4812
58.0
3527
321.0
4814
39.0
3526
38.0
3529
324.0
4816
273.0
4818
329.0
1570
871.0
6121
127.0
2055
209.0
3583
634.0
1572
60.0
6122
47.0
1571
105.0
3580
52.0
2051
136.0
6928
221.0
6929
190.0
6116
2036.0
6118
226.0
6921
132.0
6924
180.0
3578
21.0
3575
289.0
6925
933.0
1561
25.0
3594
45.0
6110
90.0
2066
43.0
2067
4501.0
1560
66.0
3593
297.0
3595
346.0
2062
84.0
2063
86.0
2060
190.0
1557
161.0
6108
226.0
6933
21.0
6932
584.0
1558
465.0
6931
7104.0
1556
27.0
6930
30.0
6105
420.0
6937
23.0
3586
133.0
3587
25.0
1554
226.0
2058
162.0
6934
29.0
1552
141.0
2032
903.0
3562
38.0
3561
4661.0
2033
823.0
6143
173.0
2034
373.0
3560
68.0
6140
327.0
1549
30.0
6909
35.0
6905
258.0
3555
85.0
3556
259.0
1541
121.0
2027
2543.0
3554
220.0
1544
23.0
1545
235.0
1547
87.0
3558
47.0
6136
150.0
6137
162.0
6134
187.0
6132
213.0
3572
259.0
2045
71.0
3571
396.0
6133
138.0
3574
511.0
6131
67.0
6918
202.0
6917
40.0
6916
45.0
6915
95.0
3564
173.0
6914
37.0
3565
170.0
1532
288.0
3567
1044.0
6910
117.0
1533
116.0
1534
81.0
2039
51.0
1475
493.0
1477
31.0
4797
72.0
1480
20.0
1481
84.0
1483
198.0
1484
25.0
1488
112.0
4788
145.0
4789
307.0
1491
1990.0
4790
255.0
4792
1365.0
1495
177.0
4794
312.0
1459
550.0
1458
1221.0
4779
167.0
4776
750.0
4775
43.0
4782
683.0
1461
230.0
4781
75.0
1462
178.0
4767
49.0
4768
60.0
1468
32.0
1466
572.0
5899
79.0
4764
30.0
5898
436.0
1465
33.0
1464
1385.0
6100
564.0
4772
259.0
1471
103.0
6103
72.0
6101
135.0
3629
83.0
3628
35.0
3621
57.0
4755
52.0
4754
107.0
4752
36.0
3620
365.0
4759
112.0
3624
40.0
4760
126.0
3617
383.0
3619
117.0
4742
78.0
4741
57.0
3611
105.0
4746
320.0
4745
84.0
3614
244.0
4750
65.0
3609
79.0
3607
693.0
3603
20.0
4736
119.0
3601
105.0
4733
998.0
3600
41.0
4732
57.0
1498
546.0
4731
157.0
4730
222.0
4740
605.0
4728
106.0
4724
1296.0
4720
31.0
4722
1785.0
5025
77.0
285
177.0
5026
206.0
284
73.0
5024
574.0
282
243.0
288
1500.0
5844
100.0
5842
130.0
5841
61.0
5016
348.0
5848
30.0
5847
47.0
5845
41.0
5030
455.0
5034
538.0
271
174.0
5035
45.0
273
156.0
5028
262.0
275
97.0
5830
678.0
276
6277.0
5833
25868.0
277
458.0
5832
2470.0
5837
102.0
5048
30.0
5825
183.0
5820
971.0
5038
261.0
5828
91.0
5050
822.0
294
48.0
5056
232.0
5058
70.0
296
524.0
295
25.0
5059
255.0
290
212.0
5052
188.0
5055
107.0
5813
73.0
5815
145.0
298
480.0
5817
54.0
5816
57.0
5819
1239.0
5065
112.0
5063
21.0
5894
58.0
5893
92.0
5060
235.0
5887
41.0
5888
163.0
243
21.0
5886
791.0
247
29.0
246
155.0
5074
49.0
5077
581.0
5079
57.0
5881
407.0
230
62.0
5883
34.0
5071
28.0
5073
97.0
5072
733.0
234
767.0
5876
34.0
5877
306.0
5878
59.0
5879
22.0
5873
55.0
262
129.0
5872
652.0
260
128.0
5871
145.0
261
70.0
5089
41.0
5088
48.0
5086
69.0
5084
40.0
5080
53.0
269
50.0
5868
1109.0
5865
262.0
266
1203.0
5864
485.0
264
150.0
5861
427.0
5099
41.0
5098
142.0
5094
1529.0
5091
56.0
5090
107.0
257
614.0
5858
286.0
259
834.0
5859
219.0
254
198.0
256
60.0
255
24.0
1410
84.0
941
293.0
1415
157.0
1414
283.0
940
258.0
1417
81.0
1416
1355.0
949
33.0
947
142.0
6492
175.0
6490
107.0
6499
179.0
6497
33.0
6496
115.0
6495
26.0
6494
232.0
1426
290.0
931
1854.0
932
741.0
937
55.0
939
509.0
929
25.0
1435
242.0
6469
73.0
1431
159.0
1430
92.0
925
37.0
923
49.0
1438
103.0
6470
152.0
6473
27.0
6477
200.0
6476
53.0
6475
73.0
6479
315.0
1445
1081.0
1448
63.0
1447
66.0
1442
98.0
1441
22.0
915
85.0
916
474.0
910
98.0
911
257.0
913
81.0
6480
151.0
6483
39.0
6482
84.0
6485
24.0
1450
133.0
1451
118.0
6487
102.0
6489
66.0
988
234.0
981
673.0
986
76.0
976
34.0
979
25.0
970
166.0
968
125.0
964
73.0
962
170.0
960
143.0
955
22.0
954
932.0
953
554.0
952
453.0
1404
100.0
1400
91.0
3683
712.0
3684
453.0
3676
28.0
3674
94.0
4290
159.0
4292
140.0
4291
46.0
4294
207.0
4296
29.0
3690
785.0
4295
392.0
4298
218.0
3693
127.0
4297
224.0
4299
166.0
3686
87.0
3688
139.0
5804
24.0
5803
98.0
3698
323.0
5800
56.0
5805
47.0
5807
133.0
996
287.0
995
37.0
992
51.0
993
92.0
998
294.0
999
2850.0
2508
95.0
2500
79.0
3633
683.0
3631
102.0
2503
53.0
3650
20.0
2516
26.0
2518
150.0
3642
68.0
3643
134.0
2512
109.0
2514
100.0
3662
227.0
3661
40.0
3660
317.0
2529
516.0
2528
319.0
3658
50.0
2526
22.0
3659
138.0
3656
314.0
3657
152.0
3654
141.0
3653
136.0
2538
55.0
3668
357.0
2537
77.0
3663
30.0
2531
48.0
2530
282.0
2532
81.0
5736
111.0
2438
80.0
5735
238.0
2435
99.0
4206
155.0
3723
161.0
5737
976.0
3722
187.0
5732
60.0
3721
74.0
4202
40.0
2431
82.0
5733
68.0
3729
46.0
5739
198.0
3727
33.0
7064
30.0
2441
44.0
7067
60.0
2440
227.0
7066
899.0
5740
85.0
5741
86.0
4217
227.0
2425
548.0
4218
244.0
3714
40.0
4219
117.0
3713
57.0
2420
240.0
5745
296.0
2421
392.0
2423
526.0
4216
109.0
2428
405.0
3717
398.0
7071
27.0
7070
63.0
7073
53.0
7075
65.0
5751
129.0
7076
159.0
4220
291.0
2430
238.0
7078
179.0
5750
32.0
3743
60.0
5754
132.0
5753
25.0
2456
2457.0
4227
7724.0
3741
377.0
4224
91.0
4225
20.0
3740
182.0
5755
59.0
5757
135.0
4228
199.0
2457
216.0
5759
54.0
2458
42.0
3748
89.0
7041
1111.0
4230
253.0
7048
899.0
2463
459.0
7046
130.0
5762
1931.0
2460
87.0
7043
20.0
3730
3197.0
5767
69.0
4236
362.0
4237
203.0
2444
822.0
2445
254.0
4238
86.0
2446
366.0
4239
133.0
7998
22.0
3736
46.0
2449
106.0
5768
230.0
7051
103.0
7050
247.0
7052
778.0
7059
216.0
5770
73.0
4241
721.0
2450
99.0
7055
2209.0
4242
144.0
7057
82.0
2451
25.0
4244
1350.0
7056
402.0
7988
1906.0
7989
54.0
7986
38.0
7987
138.0
4248
27.0
2477
199.0
2475
334.0
2484
85.0
2481
86.0
7993
528.0
5708
84.0
5709
104.0
5706
49.0
5704
59.0
7975
338.0
7977
820.0
5703
72.0
7979
62.0
4258
135.0
5700
141.0
4257
29.0
2464
1826.0
2466
285.0
2471
1932.0
4264
80.0
4265
40.0
2472
134.0
4266
233.0
2473
52.0
2474
33.0
7980
157.0
4260
50.0
4263
35.0
2470
451.0
7984
98.0
5717
22.0
3706
2333.0
5719
50.0
3705
60.0
3708
120.0
2499
22.0
2498
650.0
7969
189.0
4268
642.0
5712
641.0
7966
1552.0
3702
471.0
5714
324.0
7964
69.0
3701
332.0
7974
136.0
4273
237.0
4274
43.0
7973
51.0
4271
301.0
4277
31.0
7089
33.0
4278
1020.0
4276
188.0
7088
202.0
7085
90.0
7086
435.0
7080
3048.0
5728
213.0
5729
87.0
2487
226.0
5722
42.0
7959
26.0
7955
424.0
5725
176.0
7961
242.0
2490
663.0
4284
59.0
7962
739.0
4285
47.0
5730
398.0
7099
36.0
7096
21.0
7091
170.0
7092
48.0
4281
60.0
1396
164.0
1394
121.0
7951
50.0
7952
45.0
6420
72.0
6415
30.0
7942
30.0
6413
43.0
7944
45.0
7946
373.0
6418
371.0
1382
2121.0
1383
435.0
1385
95.0
6410
104.0
7941
152.0
1380
90.0
1379
48.0
6403
506.0
7933
365.0
6404
199.0
6406
138.0
1376
57.0
7938
144.0
1375
1403.0
7936
474.0
1377
686.0
6409
165.0
7930
677.0
7921
1089.0
7920
190.0
7922
147.0
7929
25.0
7928
81.0
7916
1815.0
1397
62.0
7913
466.0
7911
49.0
7918
3263.0
5785
118.0
1351
183.0
6463
120.0
7022
86.0
5783
26.0
1350
242.0
7024
40.0
5781
33.0
6466
46.0
6467
141.0
6464
752.0
6465
513.0
7907
460.0
7908
68.0
7018
1570.0
6459
76.0
1346
111.0
1344
51.0
5777
41.0
7904
121.0
7905
198.0
5794
1664.0
6450
635.0
7035
36.0
5796
349.0
7032
303.0
1340
29.0
5795
63.0
5790
152.0
6453
79.0
6454
353.0
7039
177.0
7036
109.0
5792
471.0
6455
120.0
5791
332.0
6456
553.0
7037
42.0
1335
176.0
6446
899.0
1337
1954.0
1338
462.0
6448
191.0
5786
35.0
5787
350.0
5788
120.0
7003
123.0
1370
75.0
6444
189.0
6442
4464.0
1374
133.0
7000
573.0
7001
152.0
1371
585.0
5799
131.0
1364
267.0
5798
894.0
1369
31.0
7014
55.0
6433
66.0
6434
188.0
7012
138.0
1360
36.0
7013
59.0
4201
127.0
7010
175.0
1362
48.0
6430
79.0
7011
146.0
6428
295.0
1356
285.0
6425
218.0
6424
92.0
807
23.0
804
127.0
805
1062.0
802
67.0
1317
51.0
1316
102.0
1315
71.0
1314
478.0
1313
573.0
158
92.0
1312
76.0
157
147.0
1311
73.0
156
312.0
154
127.0
6350
332.0
6354
318.0
1328
327.0
6358
275.0
1325
178.0
169
1221.0
1327
687.0
1326
35.0
165
59.0
6362
180.0
161
454.0
162
1732.0
6366
24.0
6368
513.0
6360
46.0
824
61.0
825
24.0
822
1432.0
827
150.0
177
156.0
176
3701.0
820
40.0
170
610.0
171
437.0
6376
35.0
175
427.0
6374
23.0
172
23.0
6373
542.0
6372
286.0
6370
7222.0
1307
572.0
1306
213.0
813
608.0
814
2011.0
815
68.0
816
54.0
817
531.0
1300
689.0
189
185.0
6387
124.0
181
65.0
6389
991.0
182
1369.0
183
421.0
6383
24.0
6385
579.0
809
95.0
6381
22.0
116
734.0
117
34.0
114
628.0
112
232.0
110
501.0
849
160.0
847
45.0
6392
468.0
6390
120.0
6398
139.0
6399
99.0
125
411.0
832
99.0
128
262.0
122
35.0
124
128.0
839
106.0
129
11214.0
120
57.0
134
1005.0
132
277.0
863
506.0
862
57.0
869
408.0
868
327.0
866
78.0
130
338.0
144
105.0
146
32.0
852
9328.0
851
36.0
148
27.0
149
119.0
853
59.0
855
502.0
858
125.0
857
300.0
859
287.0
142
1661.0
889
63.0
887
20.0
880
41.0
882
383.0
4198
202.0
4194
274.0
4196
36.0
4190
51.0
879
108.0
875
34.0
876
106.0
873
292.0
4186
156.0
4187
959.0
4182
411.0
4180
2335.0
4173
263.0
4175
220.0
4174
48.0
4178
69.0
891
37.0
898
37.0
896
73.0
3781
27.0
197
34.0
2404
139.0
2403
259.0
3778
22.0
2400
767.0
3774
43.0
2408
136.0
2407
328.0
3791
478.0
3794
155.0
3790
41.0
3788
3067.0
2414
588.0
2413
51.0
3787
1405.0
2418
101.0
2417
384.0
3754
970.0
3755
88.0
3759
883.0
3770
103.0
3763
60.0
3764
193.0
3767
202.0
3768
127.0
3869
75.0
2334
25.0
4105
65.0
5635
111.0
2332
140.0
4103
65.0
2333
839.0
4104
134.0
5637
64.0
7888
66.0
4108
1481.0
3865
207.0
7896
376.0
7169
158.0
7895
71.0
3870
61.0
4113
244.0
2342
135.0
7167
84.0
2341
705.0
4111
33.0
7165
135.0
7164
68.0
7891
30.0
4110
23.0
7161
35.0
3858
113.0
2321
38.0
4114
185.0
4115
109.0
5644
290.0
2324
2452.0
2325
149.0
7876
500.0
7879
45.0
2327
48.0
3856
23.0
5647
905.0
7883
192.0
7179
96.0
4120
32.0
5652
184.0
4121
244.0
5653
32.0
7178
59.0
4124
243.0
7882
80.0
2330
49.0
4123
616.0
5651
46.0
7171
49.0
3848
312.0
3845
30.0
5614
54.0
5617
1144.0
2314
42.0
3843
362.0
2315
73.0
2313
118.0
5613
68.0
7189
68.0
7187
4513.0
7181
596.0
7185
34.0
7184
752.0
3837
265.0
3839
1216.0
3838
36.0
2304
194.0
2306
221.0
5624
1485.0
2300
89.0
2302
512.0
5621
482.0
3830
143.0
7198
103.0
4102
549.0
4101
454.0
7849
27.0
2378
89.0
2377
183.0
4148
20.0
7845
292.0
3824
4925.0
7844
62.0
3827
90.0
3825
27.0
3826
98.0
3829
43.0
7853
89.0
2381
203.0
4150
30.0
2380
363.0
7850
229.0
2385
730.0
4157
46.0
2384
139.0
4159
24.0
5601
190.0
7837
48.0
2365
155.0
2368
110.0
2367
1792.0
5606
22.0
7833
95.0
3812
30.0
7834
153.0
7835
69.0
3813
150.0
5609
647.0
3814
813.0
3815
128.0
5607
73.0
3817
835.0
5608
34.0
3819
1520.0
7840
33.0
4162
272.0
4163
44.0
2371
128.0
4164
52.0
2373
1224.0
4168
3706.0
7869
400.0
4126
60.0
4125
153.0
3809
267.0
3808
468.0
3805
95.0
3803
105.0
7871
26.0
2363
28.0
2364
264.0
4132
3054.0
2361
56.0
2362
59.0
4130
39.0
7875
2846.0
7873
33.0
7872
199.0
7854
917.0
7855
31.0
2347
1355.0
2343
3966.0
1299
158.0
4144
72.0
2352
542.0
4145
82.0
7862
295.0
7864
347.0
1293
115.0
1291
25.0
1296
176.0
1297
86.0
7808
460.0
7809
66.0
7803
34.0
1289
159.0
1288
183.0
7805
143.0
7801
888.0
1280
50.0
1281
64.0
1285
73.0
7101
267.0
1273
47.0
7103
199.0
1271
57.0
7831
653.0
109
824.0
106
240.0
7821
49.0
7824
24.0
1269
145.0
103
316.0
7823
294.0
1268
763.0
101
1786.0
1267
2115.0
5699
56.0
1266
116.0
7827
103.0
1265
605.0
5698
104.0
1261
324.0
7112
80.0
2397
37.0
7111
73.0
1262
27.0
2396
366.0
2395
3371.0
1263
56.0
7110
170.0
2394
162.0
7116
145.0
2393
265.0
7115
573.0
7820
156.0
1260
1635.0
7812
35.0
7109
140.0
7811
190.0
7817
37.0
7816
1017.0
2387
69.0
7815
116.0
1257
177.0
2388
201.0
6323
97.0
6324
465.0
6321
149.0
5680
93.0
7120
40.0
5685
196.0
5684
166.0
7122
439.0
1250
39.0
5678
163.0
5679
475.0
1243
108.0
1244
62.0
6317
93.0
7118
20.0
6316
76.0
6315
98.0
6310
77.0
7138
47.0
6311
546.0
5690
166.0
7135
127.0
5692
38.0
7136
39.0
6313
397.0
1240
250.0
5697
255.0
7131
131.0
1232
27.0
6308
88.0
5688
29.0
1233
31.0
6307
63.0
1234
190.0
1236
87.0
6303
28.0
6306
209.0
7129
72.0
7128
247.0
7142
337.0
5664
50.0
7143
103.0
7144
1504.0
5662
222.0
6340
33.0
7145
38.0
7146
811.0
7147
135.0
6344
41.0
1227
37.0
7139
25.0
6338
12858.0
5658
54.0
1225
178.0
5659
88.0
1222
235.0
7151
1026.0
7150
45.0
7156
245.0
6330
103.0
1220
126.0
7154
96.0
7159
75.0
7157
225.0
6334
113.0
7158
82.0
6335
126.0
5670
135.0
5669
703.0
1217
57.0
1210
87.0
5665
89.0
1211
24.0
6329
47.0
1212
126.0
5667
34.0
5668
31.0
904
228.0
903
83.0
906
125.0
905
20.0
900
145.0
8010
240.0
8015
784.0
8012
189.0
748
36.0
746
188.0
745
95.0
749
44.0
742
253.0
8028
26.0
8027
25.0
8025
165.0
8023
757.0
736
74.0
730
123.0
8032
266.0
8034
215.0
8036
202.0
8035
131.0
8038
239.0
8037
26.0
728
52.0
726
442.0
724
41.0
723
253.0
720
1513.0
8040
197.0
8047
266.0
8046
1674.0
8045
1925.0
715
34.0
711
102.0
8059
1606.0
8052
352.0
8050
825.0
4963
310.0
4962
3867.0
700
92.0
4966
239.0
703
248.0
707
324.0
708
131.0
8069
196.0
8064
50.0
8065
151.0
8063
91.0
4980
659.0
4981
152.0
4972
76.0
4973
74.0
4975
228.0
4978
510.0
4979
75.0
8077
1134.0
4993
242.0
8070
36.0
4992
118.0
8071
170.0
8073
24.0
8076
20.0
4985
218.0
4986
80.0
8089
176.0
8087
561.0
1206
38.0
4994
28.0
1202
100.0
4997
35.0
1201
20.0
1209
2852.0
2749
56.0
2748
53.0
2747
164.0
3005
130.0
3874
132.0
2742
53.0
3006
125.0
2740
228.0
3872
74.0
3003
128.0
3009
76.0
2743
35.0
3881
482.0
3011
1731.0
2751
41.0
3883
145.0
3884
1008.0
2750
200.0
2755
29.0
3887
29.0
2754
63.0
2756
235.0
3891
62.0
3002
2607.0
3892
339.0
2766
658.0
3029
1272.0
3898
439.0
7799
275.0
2765
615.0
3896
24.0
3027
216.0
3028
85.0
3895
439.0
2770
45.0
3032
122.0
3031
36.0
2777
471.0
798
290.0
2776
120.0
2773
81.0
3015
60.0
793
428.0
792
39.0
2780
159.0
3024
191.0
2782
20.0
781
51.0
782
85.0
3047
41.0
785
1080.0
786
411.0
2700
48.0
788
769.0
2705
53.0
2709
263.0
2707
64.0
2708
260.0
3053
71.0
780
1755.0
3054
288.0
3055
73.0
772
924.0
773
73.0
771
27.0
776
145.0
2711
29.0
2712
183.0
2713
38.0
2715
28.0
778
456.0
779
105.0
2719
75.0
3041
181.0
3043
99.0
3044
318.0
763
155.0
2721
51.0
766
82.0
2722
90.0
760
39.0
2720
40.0
2729
243.0
2727
280.0
3072
459.0
3073
149.0
2732
97.0
2733
149.0
752
44.0
3058
191.0
2730
233.0
2736
149.0
756
27.0
2738
289.0
8006
30.0
3066
386.0
3061
458.0
3062
49.0
1198
4983.0
4495
103.0
1192
52.0
1191
30.0
7753
852.0
4494
1373.0
4491
178.0
7752
210.0
7751
87.0
4492
45.0
1193
48.0
3082
552.0
3081
48.0
6619
130.0
3929
31.0
3924
159.0
6612
1331.0
6611
272.0
6614
222.0
7745
24.0
6613
223.0
3921
1103.0
6616
39.0
6615
151.0
1186
118.0
1185
83.0
7741
71.0
3094
38.0
7740
677.0
1182
47.0
3097
42.0
3090
47.0
6609
20.0
3919
134.0
3913
414.0
3915
47.0
6602
35.0
3910
33.0
1179
219.0
6606
182.0
4499
240.0
1178
127.0
3946
90.0
3947
85.0
3940
527.0
7729
117.0
3944
139.0
3942
20.0
3943
1270.0
7723
1490.0
7721
449.0
3935
207.0
3936
32.0
3938
600.0
7719
30.0
3939
90.0
7715
138.0
3930
300.0
7711
53.0
3932
286.0
3933
26.0
7713
73.0
7714
20.0
7790
900.0
2682
328.0
3970
27.0
2681
95.0
4451
22.0
7797
116.0
3965
22.0
2677
254.0
4448
50.0
4446
198.0
4444
646.0
3961
690.0
2673
29.0
3960
108.0
4445
86.0
2674
36.0
3968
371.0
5510
102.0
4465
38.0
7782
105.0
7783
20.0
4464
173.0
7784
613.0
7785
206.0
4461
86.0
7786
28.0
4460
141.0
5507
242.0
3954
62.0
7777
171.0
2668
74.0
5505
74.0
7779
747.0
4455
48.0
5503
101.0
4456
23.0
5502
315.0
3952
63.0
4457
845.0
2664
226.0
2665
1250.0
3951
87.0
5500
58.0
3957
332.0
5508
966.0
3959
171.0
4472
98.0
7776
290.0
4470
3188.0
7773
151.0
7774
333.0
3991
43.0
7771
445.0
4475
563.0
4474
255.0
7770
63.0
3990
36.0
3983
26.0
5514
690.0
5513
45.0
2696
58.0
4467
40.0
3982
266.0
3989
60.0
5516
80.0
7767
66.0
2699
76.0
3986
95.0
7763
24.0
4482
1521.0
7765
159.0
2692
878.0
4485
727.0
2691
81.0
3980
306.0
2693
256.0
4486
39.0
5525
35.0
2685
244.0
4479
236.0
3973
40.0
2688
66.0
5529
385.0
3978
776.0
7757
49.0
4409
70.0
1109
42.0
5539
27.0
4404
154.0
5537
36.0
1105
70.0
6699
688.0
4406
108.0
5535
424.0
1102
103.0
1103
430.0
5536
31.0
4403
53.0
1101
61.0
5534
610.0
5543
65.0
5542
52.0
5540
234.0
6689
116.0
5548
408.0
4418
70.0
4416
104.0
5547
148.0
6691
312.0
4420
107.0
6692
108.0
4421
281.0
6694
80.0
6695
245.0
6696
27.0
4422
100.0
1125
152.0
5555
21.0
4425
79.0
5556
47.0
4424
325.0
4427
2384.0
1128
20.0
6679
27.0
4426
142.0
1126
76.0
6678
136.0
6677
50.0
1127
26.0
6686
40.0
5565
129.0
1132
226.0
5564
899.0
5563
70.0
6681
372.0
5562
49.0
4436
227.0
5566
764.0
1112
96.0
4433
36.0
6667
65.0
1115
57.0
6666
88.0
6673
155.0
5572
20.0
6675
119.0
5574
203.0
6670
172.0
1121
25.0
6671
146.0
4440
283.0
4441
1085.0
5575
195.0
6657
99.0
7701
67.0
7700
147.0
6658
81.0
6655
143.0
7702
43.0
6659
310.0
7709
132.0
6661
2532.0
1154
477.0
5584
83.0
1151
134.0
5585
20.0
6665
168.0
5582
145.0
1150
44.0
5580
419.0
5581
359.0
6646
44.0
5589
168.0
1133
20.0
1135
364.0
1141
70.0
5596
249.0
1143
42.0
5591
56.0
6652
145.0
6651
215.0
6654
87.0
5594
124.0
1169
78.0
1168
21.0
1167
290.0
1166
20.0
5599
93.0
6635
1561.0
6636
29.0
3900
58.0
3904
1144.0
3909
25.0
6643
193.0
1171
34.0
6642
68.0
1172
331.0
6640
96.0
1170
20.0
1173
129.0
6626
256.0
6627
73.0
1158
47.0
6629
54.0
6630
256.0
1160
61.0
6632
31.0
1161
409.0
6631
180.0
1163
20.0
1165
42.0
600
30.0
609
1080.0
605
7983.0
602
118.0
623
64.0
622
53.0
620
122.0
627
48.0
629
165.0
612
20.0
616
512.0
615
265.0
6595
44.0
6594
24.0
6593
752.0
3111
116.0
6592
79.0
6599
372.0
6597
55.0
6590
66.0
3107
245.0
6589
86.0
3102
363.0
3100
98.0
2647
43.0
687
11566.0
686
801.0
7678
573.0
2645
149.0
689
85.0
2644
37.0
683
84.0
3149
101.0
3147
385.0
2640
172.0
684
77.0
2649
170.0
7684
110.0
3155
34.0
3153
61.0
7687
1119.0
3151
472.0
7685
137.0
2656
35.0
7689
78.0
3139
183.0
2655
161.0
677
1765.0
2657
50.0
3137
26.0
679
454.0
7690
27.0
7692
21.0
3142
100.0
2660
87.0
3145
522.0
7694
80.0
2661
62.0
7697
102.0
7696
52.0
7699
654.0
3140
1736.0
7698
104.0
3995
265.0
3126
54.0
2620
46.0
3994
133.0
3999
28.0
3128
1006.0
2622
50.0
2627
129.0
2626
364.0
3130
262.0
3134
35.0
3132
4205.0
3131
1921.0
2630
34.0
695
34.0
3114
37.0
2632
129.0
3115
25.0
694
111.0
2631
465.0
3117
160.0
2634
103.0
3118
49.0
698
37.0
3119
86.0
2636
85.0
697
517.0
2638
340.0
691
53.0
692
846.0
3122
257.0
2609
498.0
2607
123.0
649
5470.0
2602
31.0
643
116.0
2600
3598.0
644
414.0
2601
90.0
3199
58.0
3196
209.0
3193
93.0
3191
76.0
3192
50.0
3190
43.0
639
95.0
2615
122.0
636
177.0
2613
50.0
2614
815.0
632
91.0
630
1131.0
2610
263.0
3182
34.0
3183
53.0
3181
2283.0
660
54.0
3168
395.0
665
101.0
666
634.0
3173
20.0
3171
55.0
3177
174.0
3178
82.0
3175
51.0
3176
59.0
3170
45.0
651
63.0
652
27.0
3157
856.0
650
111.0
655
95.0
653
85.0
3164
31.0
3166
1802.0
4390
179.0
1091
28.0
1090
171.0
4399
1048.0
1099
48.0
4397
318.0
7607
106.0
1970
127.0
7608
20.0
1971
566.0
4389
85.0
1972
663.0
1974
70.0
7602
60.0
1084
929.0
1083
279.0
7600
104.0
1990
1379.0
1088
355.0
1086
32.0
1085
47.0
1078
2471.0
1980
1344.0
1079
164.0
1981
58.0
1985
338.0
1988
50.0
4376
47.0
1077
119.0
4372
72.0
4373
133.0
6500
37.0
4371
48.0
7630
84.0
7625
248.0
1995
145.0
1996
62.0
1991
53.0
7629
42.0
1992
44.0
2598
581.0
2597
50.0
1994
50.0
7628
157.0
4385
59.0
4386
155.0
1064
135.0
4388
357.0
1062
136.0
1061
170.0
2590
25.0
4383
87.0
7621
82.0
7616
56.0
4379
67.0
2586
299.0
4378
85.0
7617
123.0
1056
55.0
2588
178.0
2587
35.0
2580
37.0
7654
108.0
4350
36.0
7655
537.0
2584
251.0
7650
36.0
4354
169.0
4352
54.0
2576
34.0
4347
63.0
4349
279.0
7643
130.0
4361
40.0
7644
436.0
5410
463.0
2571
933.0
4363
55.0
2570
182.0
4366
299.0
4365
2718.0
7639
220.0
4356
110.0
2564
60.0
4357
125.0
5402
224.0
4358
156.0
2566
32.0
7634
310.0
2562
77.0
2561
175.0
7676
44.0
7675
20.0
2559
534.0
4327
123.0
4328
21.0
2557
445.0
7667
497.0
2552
695.0
4324
261.0
4342
46.0
7660
1817.0
4344
209.0
7661
337.0
2551
218.0
4343
206.0
7662
33.0
2550
70.0
7663
171.0
7664
114.0
7666
83.0
2546
534.0
7656
74.0
4339
111.0
7659
46.0
2548
105.0
7658
701.0
2541
31.0
2542
527.0
4336
172.0
4337
200.0
4302
23.0
4301
436.0
1004
126.0
4303
163.0
4306
381.0
6558
27.0
6557
27.0
4308
292.0
1005
64.0
5438
215.0
6556
179.0
4309
34.0
5440
64.0
6564
1725.0
1011
1739.0
1010
81.0
5443
469.0
4310
23.0
6560
49.0
4315
41.0
5445
128.0
4312
112.0
6546
144.0
6545
188.0
4318
531.0
6547
198.0
1904
149.0
1905
173.0
1909
119.0
1908
147.0
6552
40.0
6554
264.0
5453
47.0
4321
94.0
4322
259.0
6551
151.0
5416
87.0
6578
237.0
1915
163.0
1913
88.0
1911
675.0
6580
306.0
6583
23.0
5422
1020.0
6584
225.0
5420
23.0
6581
67.0
6585
23.0
6586
382.0
6568
30.0
5428
226.0
1920
339.0
1921
181.0
5424
59.0
5425
77.0
5426
20.0
1926
190.0
1927
73.0
1923
454.0
6570
364.0
5431
3048.0
6571
92.0
5433
145.0
6573
2363.0
6576
82.0
6577
24.0
1936
89.0
1935
38.0
1934
44.0
1933
105.0
1939
88.0
1938
685.0
6519
194.0
1047
187.0
1046
264.0
5479
69.0
1045
393.0
5478
137.0
6514
31.0
6515
562.0
1930
545.0
1049
250.0
6521
25.0
5487
65.0
5485
499.0
1053
214.0
5486
99.0
1947
694.0
1946
1289.0
6509
122.0
1949
137.0
1035
41.0
1037
89.0
1039
210.0
1941
281.0
6502
26.0
6504
87.0
1942
288.0
6511
490.0
5496
729.0
1042
111.0
1044
1042.0
5490
821.0
5491
133.0
1959
92.0
1955
30.0
1954
30.0
6536
134.0
1029
51.0
1952
85.0
1950
223.0
5457
60.0
6538
837.0
5462
645.0
6541
154.0
1966
369.0
1969
128.0
1017
51.0
1962
81.0
6524
998.0
1016
78.0
1965
25.0
6526
229.0
1018
919.0
6527
24.0
1013
425.0
6528
273.0
1015
116.0
1961
115.0
5469
229.0
1960
767.0
5474
396.0
5476
136.0
5477
335.0
6531
44.0
6530
90.0
5473
442.0
6532
228.0
