8225
65.0
8224
26.0
8220
109.0
3282
248.0
3281
20.0
6871
66.0
5372
27.0
6872
168.0
3286
25.0
5377
29.0
3287
672.0
3278
70.0
531
33.0
2951
48.0
6868
35.0
2952
608.0
1822
70.0
6866
58.0
2954
53.0
539
118.0
2956
59.0
1823
131.0
2958
45.0
8217
23.0
8219
103.0
6094
92.0
6095
491.0
8213
51.0
8212
24.0
8210
61.0
6883
22.0
5360
312.0
5363
159.0
5362
26.0
6885
22.0
6097
116.0
5364
49.0
6881
35.0
2940
590.0
2
114.0
6879
101.0
1
366.0
2944
22.0
6875
206.0
6
42.0
2942
53.0
2948
234.0
2947
106.0
9
622.0
1814
22.0
2945
20.0
8208
61.0
1817
30.0
1818
74.0
8207
52.0
8243
170.0
6080
157.0
8242
483.0
8247
58.0
6085
64.0
8248
3217.0
5355
383.0
5352
121.0
5351
57.0
1843
22.0
512
65.0
6887
20.0
1841
150.0
6886
96.0
2970
95.0
5349
117.0
1849
24.0
2978
108.0
516
76.0
1846
44.0
514
58.0
8232
30.0
6073
541.0
6074
133.0
8235
41.0
6075
154.0
6077
31.0
5345
22.0
2100
179.0
1830
184.0
2966
34.0
2965
281.0
521
47.0
524
54.0
1836
75.0
7599
25.0
7596
29.0
3244
29.0
7591
22.0
5327
41.0
2992
213.0
2104
45.0
572
98.0
2101
123.0
5324
1073.0
2108
1717.0
2998
40.0
5329
998.0
2999
71.0
7587
544.0
3254
70.0
2990
76.0
7582
48.0
5323
27.0
5314
25.0
2112
27.0
584
81.0
2113
20.0
5316
148.0
2982
112.0
2116
31.0
587
24.0
5317
285.0
2988
21.0
589
682.0
5319
59.0
2986
98.0
7572
201.0
2132
25.0
7574
65.0
2130
931.0
3260
77.0
7578
84.0
8200
34.0
8202
41.0
8204
23.0
1803
103.0
1802
26.0
559
30.0
2129
74.0
3257
107.0
3256
44.0
7562
99.0
2142
60.0
7560
185.0
3274
61.0
3272
171.0
7566
20.0
3273
136.0
7564
55.0
569
239.0
7558
82.0
568
23.0
2134
342.0
2135
145.0
562
196.0
3269
22.0
563
21.0
3267
34.0
6019
28.0
6025
85.0
6020
106.0
3200
854.0
1894
39.0
1895
24.0
3202
22.0
1892
542.0
1893
36.0
1898
103.0
1899
215.0
3206
38.0
6007
62.0
3208
81.0
2161
222.0
6015
62.0
2162
50.0
8293
1211.0
8296
186.0
2160
56.0
8292
60.0
2164
119.0
6801
259.0
3217
28.0
6803
38.0
2168
601.0
2167
20.0
6805
131.0
6807
26.0
2174
45.0
3222
1065.0
2175
55.0
2177
53.0
2173
484.0
3227
89.0
6810
20.0
6815
69.0
3224
70.0
3226
92.0
6813
83.0
2187
76.0
3230
22.0
2914
26.0
2912
166.0
6826
340.0
1862
70.0
1864
26.0
6821
85.0
1863
61.0
2911
128.0
6822
105.0
6823
22.0
6069
54.0
8262
95.0
6068
112.0
8263
29.0
6065
59.0
6064
24.0
2196
164.0
2198
38.0
6060
80.0
8268
36.0
8269
29.0
2191
84.0
2190
340.0
2901
116.0
2902
141.0
504
67.0
2905
98.0
2908
59.0
6838
30.0
6833
22.0
6831
30.0
1853
69.0
500
43.0
6055
28.0
6050
47.0
4709
1703.0
2934
37.0
2935
315.0
4706
34.0
6842
50.0
6039
43.0
2932
46.0
1885
84.0
2933
514.0
6843
119.0
4701
43.0
1887
54.0
1881
211.0
6849
30.0
1883
56.0
8281
298.0
6045
30.0
6850
26.0
6047
162.0
8282
83.0
6049
30.0
6851
84.0
8286
821.0
6040
40.0
2927
22.0
2928
1178.0
2923
76.0
4719
93.0
6855
29.0
4712
25.0
2920
182.0
4714
362.0
1875
127.0
1873
130.0
6858
281.0
4711
32.0
1880
205.0
6033
39.0
6032
41.0
8270
34.0
6038
135.0
8274
455.0
8275
22.0
4616
81.0
4615
25.0
4610
290.0
4617
76.0
4604
126.0
4634
259.0
4631
109.0
4637
843.0
4621
49.0
4623
248.0
4625
70.0
4627
120.0
4626
30.0
4628
110.0
4657
50.0
4656
28.0
4647
149.0
4642
62.0
4644
131.0
4681
40.0
4683
129.0
4682
642.0
4677
39.0
4678
30.0
4679
27.0
4673
291.0
7537
93.0
7539
114.0
4699
61.0
7541
192.0
7546
102.0
7551
158.0
7550
56.0
4691
22.0
4692
195.0
7553
108.0
7517
1677.0
7513
139.0
7514
62.0
7515
25.0
7520
28.0
7523
63.0
594
218.0
7527
27.0
598
30.0
7525
82.0
7501
30.0
7502
35.0
7508
54.0
7506
112.0
7512
79.0
7510
453.0
5382
20.0
5393
690.0
5397
20.0
5399
27.0
5391
29.0
5392
730.0
6770
142.0
6771
103.0
5234
36.0
5232
148.0
6774
52.0
8122
62.0
8121
42.0
7493
309.0
7492
50.0
8119
961.0
1729
79.0
1725
31.0
6768
105.0
1722
940.0
2206
28.0
6767
56.0
2853
108.0
5229
67.0
6766
53.0
1721
31.0
2203
237.0
5225
112.0
2851
34.0
5226
46.0
7486
139.0
7485
48.0
6781
21.0
7489
76.0
5220
245.0
8113
40.0
8117
73.0
409
102.0
408
32.0
1713
36.0
1714
39.0
2847
41.0
2216
85.0
6777
39.0
400
464.0
2844
76.0
6776
75.0
6779
239.0
2218
99.0
402
266.0
2217
28.0
2213
61.0
8106
21.0
418
121.0
417
143.0
1703
39.0
1708
102.0
1706
296.0
1707
138.0
410
92.0
6748
1210.0
414
37.0
413
41.0
2831
1906.0
2834
28.0
6763
27.0
5246
50.0
5245
372.0
2826
62.0
428
109.0
2829
21.0
6759
22.0
421
24.0
5238
133.0
6754
41.0
6757
80.0
425
92.0
2820
91.0
2253
53.0
3387
549.0
2250
21.0
7457
68.0
7449
42.0
2249
140.0
431
146.0
3377
279.0
2891
108.0
3393
93.0
7445
37.0
7446
20.0
7443
233.0
3392
67.0
2888
47.0
2259
58.0
445
25.0
7438
89.0
2889
49.0
446
31.0
7437
24.0
2886
106.0
2255
28.0
2257
239.0
442
205.0
2883
142.0
7470
175.0
6797
32.0
6796
50.0
7477
73.0
3362
60.0
7472
80.0
5212
27.0
450
41.0
7473
45.0
2231
82.0
5210
88.0
7474
26.0
2230
42.0
7475
26.0
2871
27.0
2872
83.0
454
23.0
452
28.0
3357
27.0
2228
37.0
2229
56.0
2226
44.0
2227
235.0
456
3153.0
2878
186.0
2879
29.0
459
29.0
3371
22.0
7467
59.0
2241
53.0
7463
59.0
3376
35.0
2240
28.0
5202
222.0
2862
264.0
462
25.0
2863
62.0
463
39.0
3367
113.0
2236
37.0
466
151.0
2238
31.0
7459
34.0
2868
33.0
3339
57.0
3337
43.0
2296
298.0
3342
99.0
3340
36.0
2298
47.0
2293
69.0
1799
41.0
1798
212.0
1794
108.0
2299
50.0
8191
43.0
3352
256.0
8193
102.0
8192
117.0
2267
37.0
3314
75.0
1784
90.0
2269
45.0
1785
32.0
2268
25.0
3317
40.0
8184
65.0
2272
240.0
3321
27.0
8182
271.0
2275
37.0
8188
118.0
1773
49.0
1774
32.0
3323
37.0
3324
40.0
1771
199.0
2278
50.0
3325
76.0
3326
77.0
1778
142.0
3328
174.0
2286
27.0
2287
28.0
1780
57.0
8171
25.0
3332
253.0
8170
46.0
8179
289.0
2811
118.0
1765
129.0
2812
25.0
6724
25.0
1766
34.0
6727
148.0
1763
180.0
1762
45.0
6729
31.0
2815
46.0
2816
22.0
1768
49.0
8168
69.0
8169
51.0
8162
330.0
6735
208.0
1755
54.0
1754
97.0
2800
210.0
1752
104.0
3301
152.0
3300
598.0
6736
307.0
3309
33.0
6742
55.0
8150
226.0
8151
682.0
8152
332.0
8153
22.0
1741
21.0
1740
38.0
6700
24.0
6701
69.0
1747
107.0
1748
74.0
6709
22.0
8148
48.0
8145
86.0
1730
153.0
6714
52.0
6715
875.0
1734
66.0
1731
42.0
1738
62.0
1737
26.0
1735
59.0
6718
62.0
1739
155.0
8134
82.0
4520
50.0
35
39.0
37
178.0
42
30.0
4513
50.0
4510
72.0
4515
82.0
28
343.0
32
52.0
4502
38.0
4503
41.0
4506
51.0
4505
54.0
11
128.0
79
20.0
4560
20.0
4562
57.0
4554
24.0
4558
236.0
4559
24.0
82
27.0
81
23.0
85
31.0
4553
65.0
4543
63.0
4545
37.0
4548
27.0
72
26.0
73
27.0
8099
1467.0
59
56.0
57
22.0
8094
1251.0
8092
65.0
8097
387.0
8098
54.0
8096
1454.0
4538
607.0
4539
81.0
1695
120.0
4535
34.0
1696
119.0
46
59.0
4530
190.0
53
34.0
54
119.0
487
331.0
4599
61.0
489
64.0
488
25.0
7402
32.0
7401
81.0
482
35.0
483
21.0
481
25.0
4588
50.0
7407
35.0
7408
186.0
4587
60.0
7406
44.0
7403
47.0
7413
91.0
7412
25.0
7410
176.0
4596
149.0
470
26.0
2788
142.0
7419
60.0
2783
59.0
2786
29.0
4578
116.0
2792
160.0
4586
81.0
7421
27.0
7424
84.0
4581
74.0
99
39.0
96
40.0
93
230.0
91
34.0
7428
87.0
2799
31.0
7425
980.0
4568
61.0
2796
50.0
4567
52.0
2794
51.0
4565
22.0
491
20.0
5260
29.0
5267
120.0
5265
32.0
5269
68.0
5270
22.0
5273
145.0
5276
41.0
5277
37.0
5279
63.0
5281
75.0
5289
191.0
5288
93.0
5286
35.0
5292
787.0
5293
97.0
5298
45.0
5294
25.0
5295
38.0
5297
562.0
8419
524.0
8416
216.0
8415
155.0
8417
23.0
3479
35.0
7349
26.0
336
238.0
7356
123.0
3480
28.0
7352
38.0
8424
22.0
8420
56.0
8409
107.0
342
34.0
3488
20.0
344
41.0
348
262.0
7337
55.0
3493
95.0
3490
187.0
7344
20.0
7342
91.0
3494
22.0
3495
44.0
8414
132.0
8411
77.0
8438
81.0
315
464.0
313
25.0
7331
182.0
7333
202.0
8440
26.0
8442
526.0
8429
62.0
8427
80.0
328
115.0
7321
47.0
7324
26.0
7322
20.0
5126
78.0
7392
765.0
8468
66.0
8462
44.0
5132
38.0
7399
526.0
5130
75.0
8461
25.0
5136
25.0
5134
42.0
7397
67.0
5117
115.0
305
217.0
8449
98.0
7383
39.0
1602
25.0
1600
76.0
5106
21.0
5107
372.0
5104
46.0
1608
120.0
7372
49.0
7374
73.0
5114
200.0
5112
322.0
7375
324.0
7378
28.0
7379
138.0
7359
30.0
8475
152.0
8477
25.0
7363
70.0
5102
114.0
8472
42.0
7369
44.0
7368
26.0
7367
43.0
7366
73.0
4041
76.0
4047
22.0
4046
24.0
4045
45.0
4927
67.0
1626
57.0
1628
24.0
4929
51.0
4920
65.0
1622
208.0
1621
63.0
1624
165.0
4921
59.0
4922
59.0
6299
115.0
6298
119.0
4034
50.0
6296
30.0
6293
45.0
6291
64.0
1617
56.0
3407
180.0
4937
23.0
1616
34.0
3400
82.0
4931
104.0
1611
235.0
1610
135.0
4025
478.0
3420
29.0
6287
20.0
6281
94.0
4947
31.0
4948
44.0
3418
89.0
4946
295.0
3416
55.0
4019
85.0
4943
37.0
3414
266.0
4017
35.0
4018
67.0
3410
93.0
4940
24.0
3430
80.0
4013
115.0
6279
287.0
6278
175.0
6270
61.0
4958
31.0
3429
105.0
4008
748.0
3426
53.0
3425
22.0
3428
108.0
3427
58.0
4950
46.0
4951
52.0
3421
143.0
3424
291.0
6266
156.0
6268
35.0
6263
35.0
4000
89.0
6264
20.0
3434
163.0
1663
94.0
3438
55.0
1665
144.0
1666
30.0
1668
135.0
6257
42.0
6254
119.0
3443
386.0
1652
135.0
3446
27.0
3447
51.0
6240
119.0
3463
22.0
6242
21.0
1693
121.0
1692
45.0
3461
36.0
4902
32.0
3458
22.0
1689
37.0
1683
28.0
3456
97.0
3457
92.0
3455
29.0
4909
611.0
4905
505.0
1682
37.0
3473
50.0
1681
453.0
3474
30.0
6236
719.0
6233
481.0
6234
122.0
1676
105.0
6227
33.0
4913
25.0
1677
40.0
6226
238.0
1675
199.0
3467
79.0
4915
242.0
4914
22.0
6206
75.0
4895
164.0
1576
65.0
1575
20.0
6217
33.0
4888
96.0
4889
319.0
1589
63.0
6216
31.0
4884
20.0
1586
56.0
1593
37.0
1594
65.0
4891
62.0
4894
165.0
4893
82.0
1590
22.0
6224
57.0
6223
158.0
1598
36.0
1597
75.0
1599
69.0
4098
20.0
4096
69.0
4093
635.0
6201
234.0
6200
400.0
4857
26.0
4856
37.0
4855
129.0
4854
212.0
4076
209.0
4846
20.0
4841
45.0
4840
25.0
4842
43.0
4080
25.0
4088
35.0
4850
599.0
4085
88.0
4087
67.0
4874
604.0
4873
34.0
3505
36.0
3508
55.0
3506
53.0
4051
77.0
4052
45.0
4880
126.0
4059
30.0
4865
396.0
4870
1965.0
4871
27.0
4872
24.0
5168
20.0
5165
25.0
5162
45.0
5947
848.0
5177
1293.0
5176
66.0
5171
60.0
5933
29.0
5936
30.0
5930
842.0
5932
279.0
5145
183.0
5970
41.0
5966
625.0
5154
55.0
392
41.0
5961
48.0
5959
43.0
396
91.0
5951
458.0
5148
39.0
398
20.0
5954
98.0
5956
72.0
5958
177.0
5994
59.0
383
112.0
384
823.0
381
736.0
5991
31.0
7300
106.0
5989
217.0
386
59.0
5985
56.0
7310
31.0
5981
39.0
371
153.0
5980
208.0
372
30.0
378
48.0
7304
24.0
7305
59.0
375
116.0
374
175.0
377
406.0
5976
51.0
7309
62.0
360
100.0
366
31.0
365
520.0
364
318.0
8401
32.0
5191
163.0
350
27.0
351
27.0
5997
36.0
355
26.0
7205
81.0
2006
328.0
2007
30.0
2005
34.0
8317
84.0
8316
310.0
8318
37.0
8322
85.0
8326
75.0
7210
22.0
7211
80.0
203
81.0
204
26.0
2014
42.0
200
20.0
8308
107.0
8306
43.0
8310
104.0
8311
130.0
7201
68.0
3598
46.0
215
126.0
7227
364.0
216
40.0
217
449.0
218
20.0
7234
131.0
7237
180.0
7232
30.0
7233
25.0
222
153.0
227
34.0
229
2779.0
7225
934.0
7226
76.0
7223
95.0
7222
46.0
5918
253.0
5916
79.0
7249
60.0
5910
83.0
7253
125.0
7252
106.0
7256
110.0
8362
159.0
7259
104.0
7258
33.0
8363
30.0
8367
241.0
5926
217.0
5928
53.0
7238
20.0
7239
84.0
7248
25.0
8354
176.0
6190
167.0
8353
21.0
8352
150.0
6192
947.0
8359
29.0
6193
255.0
8357
323.0
6194
31.0
6195
24.0
5006
62.0
6994
108.0
7279
102.0
6995
275.0
6992
190.0
7275
30.0
6990
91.0
5014
20.0
7277
34.0
7276
59.0
7271
52.0
8347
115.0
7272
57.0
5905
109.0
5908
52.0
5900
41.0
7268
34.0
5000
95.0
7265
123.0
5003
446.0
7262
46.0
7261
86.0
7260
86.0
6162
32.0
7292
301.0
2098
20.0
6163
130.0
7299
151.0
2097
78.0
7296
110.0
6168
973.0
2094
33.0
2093
195.0
6963
24.0
1523
20.0
3537
45.0
4825
43.0
6966
425.0
6968
49.0
1520
20.0
4827
70.0
3539
153.0
8397
284.0
8398
338.0
7284
25.0
8390
136.0
3552
64.0
6152
24.0
7289
27.0
8392
498.0
6156
25.0
6981
119.0
3547
70.0
1512
46.0
4836
34.0
3548
77.0
4830
23.0
4831
686.0
4838
150.0
1515
211.0
6181
51.0
6183
48.0
2070
23.0
6189
1383.0
8384
30.0
2074
194.0
8381
25.0
8382
22.0
2073
76.0
2076
379.0
8380
587.0
6185
90.0
2077
26.0
6945
55.0
2069
23.0
6947
519.0
1501
46.0
3515
28.0
6944
47.0
4806
66.0
4804
80.0
1509
279.0
4808
55.0
4809
27.0
8378
50.0
8379
306.0
2081
43.0
8376
76.0
6962
46.0
6961
81.0
6960
24.0
6179
44.0
2083
38.0
8372
44.0
8373
162.0
6178
76.0
6177
64.0
6176
95.0
2088
48.0
2086
25.0
3530
21.0
6958
154.0
3520
80.0
6959
127.0
6956
47.0
2079
26.0
3527
112.0
3529
38.0
4816
41.0
4818
64.0
1570
323.0
3583
92.0
1572
116.0
6121
39.0
2055
54.0
1571
29.0
2051
27.0
6928
45.0
6929
95.0
6116
1500.0
1569
24.0
6921
46.0
6118
86.0
6924
85.0
6925
228.0
2066
21.0
6110
44.0
1560
43.0
3593
134.0
2067
529.0
3595
111.0
2063
26.0
2060
104.0
6108
119.0
1557
120.0
6932
100.0
1558
100.0
6931
1784.0
6105
62.0
1556
74.0
3586
57.0
3587
22.0
1554
216.0
1552
40.0
2057
25.0
2032
125.0
6143
59.0
2033
605.0
3561
731.0
3560
57.0
2034
270.0
6140
72.0
6909
31.0
6905
34.0
3556
115.0
1541
28.0
3553
34.0
2027
332.0
3554
45.0
3559
27.0
1547
85.0
6136
128.0
6137
36.0
6134
231.0
3572
369.0
6132
48.0
3571
214.0
3574
420.0
2043
20.0
6918
149.0
3564
53.0
3565
22.0
3567
407.0
1530
55.0
6910
36.0
1533
34.0
1534
149.0
2039
25.0
1475
172.0
1480
75.0
1483
54.0
1484
52.0
1488
21.0
4788
20.0
4789
76.0
1491
160.0
4790
172.0
4793
22.0
1494
20.0
1495
38.0
4792
528.0
4794
23.0
1459
461.0
1458
773.0
4779
43.0
4776
187.0
4775
21.0
4782
429.0
1461
20.0
4781
23.0
1462
30.0
4767
21.0
1468
22.0
1466
127.0
5899
29.0
1465
32.0
4764
54.0
5898
175.0
1464
2070.0
6100
254.0
1471
24.0
4772
99.0
6101
59.0
3629
42.0
3621
25.0
3620
365.0
4752
47.0
4759
33.0
4760
37.0
3617
43.0
3619
116.0
4741
34.0
3611
54.0
4746
92.0
4745
22.0
4750
44.0
3607
272.0
3601
22.0
4733
734.0
4732
42.0
3600
20.0
4731
20.0
1498
144.0
4730
40.0
4740
130.0
4724
175.0
4720
20.0
4722
2190.0
285
39.0
5026
25.0
5024
160.0
282
72.0
288
1063.0
5844
44.0
5842
28.0
5841
60.0
5016
31.0
5030
63.0
5034
44.0
271
42.0
5028
29.0
276
2505.0
5830
101.0
5833
10427.0
277
37.0
5832
615.0
5837
130.0
5048
65.0
5825
128.0
5820
140.0
5038
54.0
5828
51.0
5050
260.0
5056
49.0
296
151.0
5059
65.0
290
251.0
5052
27.0
5813
58.0
298
51.0
5817
26.0
5819
253.0
5065
69.0
5894
39.0
5069
40.0
5893
39.0
5060
110.0
5887
58.0
5888
67.0
5886
323.0
246
179.0
5077
326.0
5881
53.0
5883
47.0
5072
683.0
231
27.0
234
155.0
5877
55.0
5873
79.0
262
35.0
5872
150.0
263
33.0
260
102.0
261
59.0
5088
21.0
5080
21.0
5867
45.0
269
25.0
5868
417.0
5865
84.0
266
1554.0
264
42.0
5864
318.0
5861
146.0
5092
40.0
5094
246.0
5091
34.0
257
39.0
5858
28.0
5859
53.0
259
948.0
254
122.0
256
20.0
255
20.0
1410
102.0
941
207.0
1415
33.0
1414
26.0
940
129.0
1417
146.0
1416
269.0
947
193.0
6490
139.0
6499
30.0
6497
20.0
6496
125.0
6494
53.0
1426
51.0
931
1806.0
932
84.0
937
24.0
938
27.0
939
60.0
1436
22.0
1435
36.0
1431
42.0
1430
23.0
6470
27.0
6477
238.0
6479
190.0
1445
182.0
1442
89.0
916
99.0
910
89.0
911
180.0
6480
30.0
6482
62.0
6485
26.0
1451
149.0
6489
30.0
988
55.0
981
50.0
970
45.0
968
29.0
964
29.0
960
23.0
954
145.0
953
482.0
952
65.0
3683
71.0
3684
565.0
3674
22.0
4294
98.0
4296
39.0
3690
123.0
4295
114.0
4298
96.0
4297
99.0
3693
30.0
4299
31.0
3688
27.0
3698
90.0
5800
72.0
5807
149.0
996
194.0
998
21.0
999
2273.0
2508
127.0
2505
25.0
2500
70.0
3633
244.0
3631
39.0
2518
80.0
2512
84.0
2514
58.0
3662
285.0
3661
41.0
3660
59.0
2529
111.0
2528
38.0
3658
40.0
3659
27.0
3656
42.0
3657
35.0
3654
43.0
3653
35.0
2538
32.0
3668
63.0
2537
63.0
3663
20.0
2530
24.0
5736
20.0
2438
37.0
5735
34.0
4206
32.0
3723
35.0
2435
25.0
5737
528.0
3722
25.0
5732
117.0
3721
34.0
4202
25.0
2431
39.0
3729
29.0
5739
61.0
7064
22.0
7061
32.0
2440
242.0
7066
225.0
5741
46.0
4217
66.0
4218
42.0
2425
119.0
4219
170.0
3713
47.0
5745
71.0
2420
101.0
2421
119.0
2423
93.0
4216
141.0
2428
24.0
3717
59.0
7070
45.0
7073
371.0
7075
54.0
5751
105.0
7076
65.0
4220
31.0
2430
23.0
7078
28.0
5754
54.0
4227
937.0
2456
535.0
3741
302.0
4224
41.0
3740
58.0
5757
30.0
4228
149.0
2457
130.0
7041
475.0
4230
64.0
7048
158.0
2463
145.0
5762
681.0
3730
2478.0
4236
62.0
4237
30.0
2444
113.0
2445
69.0
2446
65.0
4239
48.0
3736
46.0
5768
215.0
2449
27.0
7050
54.0
7052
608.0
7059
33.0
5770
24.0
4241
166.0
7055
441.0
4242
140.0
7057
27.0
7056
96.0
4244
132.0
2451
44.0
7988
1509.0
7989
35.0
7986
39.0
7987
150.0
2477
54.0
2475
126.0
2484
20.0
7993
282.0
5706
34.0
5704
30.0
7975
58.0
7977
146.0
5703
29.0
4258
81.0
2464
108.0
2466
183.0
2471
197.0
2472
142.0
2473
47.0
4266
195.0
7980
25.0
4263
25.0
2470
111.0
3706
353.0
3705
40.0
3708
37.0
2498
476.0
7969
110.0
4268
120.0
5712
121.0
3702
174.0
7966
211.0
5714
86.0
3701
51.0
7974
24.0
4273
30.0
4274
37.0
4278
276.0
7088
117.0
7085
42.0
7086
40.0
7080
754.0
5728
44.0
5729
29.0
2487
72.0
7955
234.0
5725
24.0
7961
41.0
2490
142.0
4285
26.0
7962
43.0
5730
60.0
4281
60.0
1396
62.0
1394
25.0
6420
73.0
6415
45.0
7944
30.0
7946
138.0
6418
90.0
1382
1608.0
1383
179.0
1385
20.0
7941
28.0
1380
25.0
7933
257.0
6403
119.0
6404
57.0
6406
159.0
1376
50.0
7938
75.0
1375
923.0
7936
145.0
1377
161.0
6409
39.0
7930
106.0
7921
151.0
7922
24.0
7916
222.0
1397
39.0
7913
249.0
7918
423.0
6462
65.0
5785
102.0
6463
20.0
7022
51.0
1351
54.0
1350
135.0
6467
23.0
6464
98.0
6465
155.0
7907
106.0
7018
266.0
6459
88.0
1346
26.0
7904
24.0
7905
24.0
5794
403.0
6450
179.0
5796
32.0
7032
69.0
6453
31.0
6454
38.0
5792
119.0
7036
49.0
6455
56.0
6456
195.0
5791
45.0
1335
21.0
6446
193.0
1337
269.0
1338
174.0
6448
265.0
5786
29.0
5787
326.0
1334
20.0
6444
40.0
1370
80.0
7003
26.0
6442
1549.0
1374
38.0
7000
258.0
7001
88.0
1371
188.0
5799
43.0
1364
377.0
5798
877.0
1369
53.0
7014
75.0
6434
45.0
7012
37.0
4201
34.0
7010
51.0
6428
39.0
1356
70.0
6425
38.0
6424
237.0
805
182.0
802
23.0
1317
25.0
1316
44.0
1314
24.0
158
40.0
1313
175.0
156
57.0
154
40.0
6350
116.0
6354
20.0
1328
29.0
1325
55.0
6358
36.0
169
261.0
1327
173.0
1326
59.0
161
433.0
6362
29.0
162
124.0
6366
45.0
6368
114.0
822
360.0
828
20.0
827
22.0
177
36.0
176
839.0
170
160.0
171
473.0
175
132.0
6374
23.0
6373
102.0
172
22.0
6372
70.0
6370
1085.0
1307
120.0
1306
59.0
813
148.0
814
308.0
816
22.0
817
106.0
1300
168.0
189
145.0
6387
49.0
181
57.0
182
225.0
6389
122.0
183
42.0
6385
61.0
116
92.0
114
96.0
112
47.0
110
103.0
849
48.0
119
22.0
6392
116.0
6390
32.0
6398
25.0
6399
60.0
125
135.0
128
98.0
122
37.0
124
28.0
839
102.0
129
7838.0
120
25.0
134
66.0
132
105.0
863
79.0
862
31.0
868
66.0
866
53.0
130
78.0
144
25.0
146
33.0
852
1638.0
149
54.0
855
93.0
857
57.0
859
189.0
142
151.0
889
27.0
882
141.0
4198
39.0
4194
124.0
4196
62.0
876
101.0
873
51.0
4186
27.0
4187
108.0
4182
63.0
4180
356.0
4173
50.0
4175
57.0
4174
25.0
898
44.0
896
29.0
197
67.0
2404
80.0
2403
25.0
2400
137.0
2408
40.0
2407
46.0
3791
70.0
3794
21.0
3788
592.0
2414
73.0
3787
171.0
2417
70.0
3754
233.0
3759
372.0
3763
20.0
3767
46.0
3768
50.0
3869
54.0
2334
25.0
2332
41.0
4103
26.0
5635
33.0
2333
236.0
7888
42.0
3865
24.0
4108
500.0
7896
518.0
7169
45.0
7895
21.0
4113
29.0
7167
21.0
3870
30.0
2342
75.0
2341
405.0
7164
32.0
7891
25.0
3858
21.0
4114
202.0
4115
47.0
5644
67.0
2324
249.0
2325
32.0
7876
165.0
2327
27.0
7879
39.0
5647
197.0
7883
44.0
7179
47.0
7885
20.0
5652
40.0
4121
273.0
4124
303.0
7882
105.0
4123
124.0
3848
40.0
2314
20.0
5617
180.0
3843
25.0
2313
52.0
7189
67.0
7187
1841.0
7181
571.0
7184
55.0
3837
42.0
3839
506.0
2306
117.0
5624
183.0
3830
20.0
5621
63.0
2302
808.0
4102
392.0
7199
31.0
4101
90.0
7849
32.0
2378
39.0
2377
32.0
7845
166.0
3824
222.0
7844
65.0
3827
94.0
3826
21.0
2381
48.0
2380
356.0
7850
34.0
2385
270.0
4157
30.0
2365
21.0
2367
554.0
7833
30.0
7834
39.0
7835
46.0
3814
221.0
5609
45.0
3815
57.0
5607
34.0
3817
143.0
3819
253.0
4162
29.0
2371
51.0
2373
402.0
4168
2546.0
7869
160.0
4126
29.0
4125
77.0
3808
80.0
2364
54.0
4132
293.0
7875
537.0
4130
25.0
7854
306.0
7855
42.0
2347
316.0
2343
481.0
4144
137.0
7860
50.0
4145
32.0
7862
157.0
7864
28.0
1293
80.0
1296
31.0
1297
84.0
7808
60.0
7809
91.0
7801
336.0
1285
28.0
7101
201.0
7103
42.0
1271
65.0
7831
105.0
109
256.0
7821
22.0
104
25.0
7823
69.0
103
111.0
1269
22.0
1268
112.0
101
502.0
1267
182.0
1266
50.0
5699
20.0
1265
135.0
7827
30.0
5698
22.0
7112
36.0
1261
46.0
2396
218.0
2395
405.0
2393
39.0
7115
129.0
7820
45.0
1260
632.0
7812
54.0
7811
196.0
7816
232.0
7815
21.0
2387
43.0
1257
52.0
2388
99.0
6324
49.0
6321
59.0
5680
34.0
5685
74.0
1251
30.0
7122
334.0
5678
65.0
5679
55.0
1243
194.0
1244
79.0
7118
31.0
6317
45.0
6316
20.0
6315
43.0
5690
118.0
6311
322.0
7135
22.0
6313
47.0
7136
39.0
1240
169.0
5697
64.0
7131
35.0
6307
43.0
1236
23.0
6306
33.0
7128
130.0
7142
24.0
5662
74.0
7144
554.0
7146
217.0
7147
82.0
6344
57.0
1227
21.0
6338
1735.0
1225
59.0
1222
21.0
7151
180.0
7156
276.0
6330
139.0
7159
25.0
7157
320.0
6335
114.0
5669
170.0
1217
47.0
5665
41.0
6329
40.0
5667
22.0
1212
31.0
904
25.0
903
72.0
906
95.0
900
50.0
8010
35.0
8015
96.0
8012
28.0
748
25.0
746
39.0
745
50.0
749
28.0
742
25.0
8025
265.0
8023
1589.0
736
67.0
730
36.0
8032
30.0
8034
61.0
8035
29.0
8038
40.0
729
21.0
728
33.0
726
88.0
723
92.0
720
940.0
8040
56.0
8047
117.0
8046
483.0
8045
146.0
711
59.0
8059
216.0
8052
25.0
8050
162.0
4963
44.0
4962
826.0
700
74.0
4966
60.0
703
209.0
707
52.0
708
20.0
8068
24.0
8069
35.0
8063
61.0
4980
182.0
4981
32.0
4972
83.0
4973
22.0
4975
45.0
4978
234.0
4979
24.0
8077
219.0
4993
39.0
8073
30.0
4985
52.0
4986
113.0
8089
26.0
8087
81.0
4994
35.0
1202
46.0
1209
521.0
2749
93.0
2747
33.0
3005
105.0
3006
21.0
2741
22.0
3003
47.0
2740
33.0
3009
85.0
3881
121.0
3012
69.0
3011
179.0
3883
107.0
3884
334.0
2756
21.0
3891
30.0
3002
366.0
3892
383.0
7799
294.0
3029
149.0
2766
389.0
3898
173.0
2765
759.0
3896
22.0
3895
81.0
2770
44.0
3032
36.0
3031
62.0
2777
34.0
798
108.0
2776
105.0
2772
21.0
793
259.0
2780
22.0
3024
37.0
781
24.0
782
38.0
785
248.0
786
83.0
2700
24.0
788
101.0
2709
33.0
2708
38.0
3053
31.0
3054
62.0
780
284.0
772
350.0
773
29.0
776
161.0
2712
173.0
778
101.0
2718
25.0
2719
39.0
3041
21.0
3043
62.0
3044
245.0
763
109.0
2722
45.0
766
21.0
2729
219.0
2727
24.0
3072
74.0
3073
28.0
2733
51.0
3058
64.0
2730
59.0
2736
27.0
2738
84.0
3066
87.0
3061
109.0
3062
24.0
1198
816.0
7753
306.0
4494
85.0
4491
88.0
7752
98.0
1193
20.0
7751
51.0
3082
203.0
3081
45.0
6619
32.0
3929
34.0
3924
56.0
6612
883.0
6611
24.0
6614
94.0
7745
24.0
3921
196.0
1186
76.0
7741
75.0
7740
153.0
3094
57.0
1182
26.0
3913
32.0
6602
20.0
1179
36.0
6606
94.0
1178
24.0
3946
101.0
3947
20.0
3940
59.0
7729
21.0
3944
35.0
3943
1085.0
7723
95.0
7721
107.0
3935
20.0
3938
115.0
3939
45.0
7715
106.0
7711
20.0
3932
65.0
7790
432.0
2682
51.0
2681
175.0
2680
29.0
7797
28.0
4448
30.0
2677
46.0
7789
21.0
3961
260.0
4444
127.0
3968
76.0
5510
75.0
4464
45.0
7784
230.0
7785
41.0
7786
22.0
4460
30.0
5507
96.0
3954
32.0
2668
57.0
7779
106.0
3950
30.0
5502
96.0
5501
92.0
4457
42.0
3952
38.0
2664
34.0
3951
29.0
2665
1355.0
5500
47.0
3957
48.0
5508
157.0
3959
42.0
7776
46.0
4470
842.0
7773
46.0
7774
68.0
7771
56.0
4475
118.0
4474
82.0
5511
20.0
3983
30.0
5514
120.0
7769
25.0
3989
74.0
3986
40.0
4482
300.0
2692
154.0
4485
178.0
2691
29.0
3980
40.0
2693
43.0
2685
38.0
4479
79.0
3973
26.0
2688
100.0
5529
83.0
5528
20.0
3978
100.0
4404
103.0
5538
22.0
6699
160.0
1105
59.0
5535
48.0
1102
55.0
1103
68.0
5536
32.0
4403
28.0
5534
479.0
1101
40.0
5542
20.0
5540
37.0
5548
530.0
4416
52.0
4420
28.0
6691
106.0
4421
75.0
6692
63.0
6694
65.0
6695
73.0
1125
40.0
4422
25.0
5555
40.0
4424
118.0
5556
58.0
4427
712.0
6679
48.0
6678
33.0
6686
22.0
1132
25.0
5565
37.0
5564
214.0
5562
42.0
6681
92.0
5566
59.0
4436
43.0
1112
92.0
6667
34.0
1115
30.0
6666
73.0
6673
33.0
6675
70.0
5574
48.0
6670
42.0
4440
29.0
5575
105.0
4441
439.0
7700
23.0
6655
64.0
6659
135.0
6661
315.0
1154
200.0
1151
35.0
5582
94.0
6665
52.0
5580
228.0
5581
22.0
5589
61.0
1133
24.0
1135
50.0
1141
62.0
5596
26.0
6652
34.0
6651
245.0
5594
40.0
1169
37.0
1167
59.0
1166
23.0
5599
134.0
6635
579.0
3905
54.0
3904
291.0
6643
34.0
1172
86.0
6642
92.0
1170
24.0
6626
32.0
6630
104.0
1160
20.0
1161
220.0
600
43.0
609
274.0
605
2221.0
602
23.0
622
31.0
616
54.0
615
49.0
6593
170.0
6599
56.0
6597
29.0
6590
49.0
3107
162.0
6589
32.0
3102
56.0
3100
21.0
687
1527.0
686
96.0
2645
65.0
7678
40.0
2644
28.0
683
82.0
3147
65.0
2640
277.0
2649
86.0
7684
32.0
3153
22.0
7687
230.0
3151
56.0
7685
27.0
7689
25.0
677
278.0
2655
129.0
679
105.0
7692
57.0
3142
26.0
3145
61.0
7694
47.0
7697
49.0
7699
581.0
3140
160.0
3995
44.0
3126
20.0
3994
54.0
3128
258.0
2622
41.0
2627
26.0
2626
163.0
3130
57.0
3132
2032.0
3131
633.0
2630
22.0
3114
44.0
2632
34.0
694
29.0
2631
127.0
3117
104.0
3119
214.0
697
51.0
2638
435.0
692
429.0
2609
339.0
2607
21.0
649
1152.0
644
147.0
2600
382.0
2601
76.0
3199
27.0
3196
22.0
2615
35.0
636
103.0
2614
149.0
632
26.0
630
211.0
2610
65.0
3183
26.0
3181
759.0
3168
35.0
665
67.0
666
584.0
3171
53.0
3177
130.0
3178
29.0
3170
80.0
651
69.0
652
27.0
3157
101.0
650
48.0
653
32.0
3166
331.0
4390
33.0
1090
33.0
4399
819.0
4397
96.0
1971
61.0
1972
35.0
4389
22.0
7602
20.0
1084
701.0
1083
47.0
7600
217.0
1990
391.0
1088
55.0
1078
1549.0
1980
114.0
1079
86.0
1981
56.0
1985
206.0
1077
94.0
4373
39.0
4371
26.0
7630
97.0
6500
24.0
7625
98.0
1995
37.0
1996
68.0
1991
21.0
7629
51.0
2598
117.0
1992
24.0
1994
27.0
7628
43.0
4385
39.0
1065
44.0
4386
23.0
1064
89.0
4388
154.0
1062
40.0
1061
22.0
7621
22.0
2586
158.0
4378
107.0
7617
226.0
2588
45.0
2587
25.0
7654
52.0
7655
39.0
2584
44.0
4354
26.0
4347
21.0
4349
36.0
7643
124.0
7644
953.0
2571
244.0
5410
93.0
2570
143.0
4366
147.0
4365
295.0
4356
98.0
4358
62.0
5402
45.0
2566
34.0
7634
62.0
2562
53.0
2561
172.0
7676
74.0
2559
77.0
4327
29.0
2557
140.0
7667
147.0
4328
20.0
2552
180.0
4324
122.0
4342
20.0
7660
427.0
7661
57.0
4344
173.0
2551
155.0
4343
292.0
7663
44.0
7664
109.0
2546
163.0
4339
36.0
7658
126.0
2548
25.0
2541
49.0
2542
286.0
4336
47.0
4337
41.0
1004
70.0
4301
75.0
4303
36.0
4306
65.0
4308
261.0
1005
54.0
5438
45.0
6556
22.0
5440
74.0
6564
612.0
1011
297.0
1010
35.0
5443
25.0
6560
21.0
4312
63.0
6546
53.0
4318
132.0
6545
41.0
6547
41.0
1904
48.0
1909
29.0
6552
50.0
6554
36.0
4322
293.0
1915
29.0
1913
34.0
1911
72.0
6580
374.0
5422
132.0
6584
59.0
6586
303.0
6568
25.0
5428
43.0
1920
256.0
1921
56.0
5424
27.0
5425
64.0
1926
129.0
1923
43.0
5431
3289.0
6570
155.0
6571
43.0
5433
57.0
6573
1754.0
6576
27.0
1934
94.0
1939
44.0
1938
171.0
1047
216.0
6519
40.0
5479
35.0
1046
65.0
5478
45.0
6515
89.0
1930
199.0
1049
301.0
5481
26.0
5485
139.0
1053
93.0
1944
25.0
1947
46.0
1946
89.0
1949
24.0
1035
65.0
1037
69.0
1941
66.0
1039
111.0
1942
62.0
6504
67.0
6511
44.0
5496
118.0
1042
44.0
1044
179.0
5490
124.0
5491
23.0
1959
26.0
6536
37.0
1952
34.0
1950
58.0
6538
191.0
5462
269.0
6541
24.0
1966
120.0
1969
201.0
1962
192.0
6524
248.0
1018
161.0
6526
27.0
1013
420.0
6528
133.0
1960
234.0
5469
34.0
5474
58.0
5476
119.0
5477
302.0
5473
44.0
6532
46.0
