8225
23.0
8226
59.0
8220
94.0
3282
88.0
3281
70.0
5372
43.0
6871
25.0
6872
331.0
5371
100.0
3286
20.0
3285
53.0
5377
22.0
3287
1304.0
3278
91.0
531
135.0
2951
66.0
6868
20.0
535
148.0
6866
56.0
2952
861.0
532
26.0
2957
50.0
539
109.0
1826
47.0
2956
83.0
2958
130.0
1829
29.0
8217
86.0
8219
39.0
6094
207.0
6095
401.0
8213
41.0
8212
87.0
6090
25.0
8210
88.0
3295
25.0
5360
124.0
5363
401.0
6885
76.0
5362
38.0
6097
112.0
5365
31.0
5364
78.0
2940
294.0
2
353.0
6879
177.0
3289
22.0
1
1662.0
6875
194.0
6
65.0
5
26.0
546
24.0
2948
195.0
2947
338.0
1814
24.0
9
1507.0
8208
22.0
1817
66.0
1818
87.0
8207
186.0
6080
63.0
8243
90.0
8242
338.0
8247
494.0
6085
35.0
8249
164.0
8248
5672.0
5356
28.0
5355
1481.0
5353
66.0
5352
60.0
5351
159.0
6893
32.0
1843
29.0
513
51.0
512
27.0
1841
33.0
1840
27.0
2970
84.0
5349
179.0
2973
81.0
516
27.0
1848
20.0
2978
38.0
1846
54.0
6072
164.0
6073
475.0
8235
36.0
6074
28.0
6075
263.0
6077
44.0
5345
40.0
2100
1007.0
1830
187.0
2966
61.0
2965
658.0
521
172.0
524
26.0
2963
48.0
1836
46.0
527
26.0
3240
380.0
2111
23.0
5332
28.0
3244
147.0
7591
28.0
2992
34.0
5327
28.0
2104
59.0
572
97.0
2101
109.0
5324
1091.0
2108
698.0
2998
25.0
5329
677.0
576
55.0
2999
75.0
3251
22.0
7587
1402.0
3254
33.0
5321
20.0
2990
1145.0
3252
89.0
7582
192.0
2989
39.0
584
22.0
3246
80.0
5316
294.0
2982
203.0
587
20.0
2116
23.0
5317
245.0
2988
61.0
589
50.0
2118
30.0
2986
100.0
5319
67.0
2133
45.0
3263
32.0
7572
152.0
2130
1127.0
7574
131.0
3260
642.0
7578
139.0
8200
72.0
8202
48.0
8204
51.0
1803
133.0
1802
92.0
1801
39.0
559
35.0
1800
26.0
556
141.0
2129
32.0
5308
24.0
554
70.0
3257
97.0
3256
37.0
550
34.0
2142
37.0
7562
20.0
2141
41.0
7560
21.0
3274
135.0
3272
56.0
3273
58.0
7564
90.0
569
363.0
7558
26.0
568
216.0
2134
79.0
561
53.0
2135
75.0
562
465.0
2136
94.0
563
26.0
3267
33.0
6017
153.0
6025
36.0
6020
339.0
3200
614.0
6022
100.0
2155
20.0
1894
110.0
3202
30.0
1892
158.0
6009
24.0
6008
21.0
3206
71.0
1899
96.0
6007
53.0
3208
257.0
6015
73.0
2161
172.0
8293
2124.0
2162
40.0
8296
788.0
2160
90.0
8290
58.0
6011
32.0
8292
35.0
6801
493.0
3217
22.0
2168
1043.0
6803
59.0
6805
74.0
6804
125.0
6807
72.0
6808
52.0
3222
830.0
2174
30.0
2175
198.0
3220
24.0
2177
163.0
6005
106.0
2173
191.0
3227
79.0
3228
24.0
3224
39.0
6815
2784.0
3225
27.0
3226
260.0
6813
70.0
6818
477.0
2187
33.0
3230
40.0
3232
83.0
2914
147.0
2912
124.0
2918
23.0
2917
35.0
1862
147.0
6826
141.0
6827
117.0
1864
44.0
2910
20.0
1863
57.0
6821
59.0
2911
195.0
6823
42.0
8262
47.0
6069
35.0
6068
42.0
2197
22.0
6065
37.0
2196
2719.0
6064
95.0
2199
23.0
2198
76.0
6060
62.0
6062
39.0
8269
83.0
2191
113.0
2190
167.0
2901
123.0
505
41.0
2902
74.0
504
74.0
2905
130.0
2908
105.0
6833
56.0
1854
27.0
500
122.0
8250
20.0
8252
29.0
6055
119.0
8257
63.0
6051
50.0
6050
92.0
8255
276.0
4709
1356.0
1889
21.0
2935
258.0
1886
63.0
2932
71.0
6039
58.0
1885
234.0
6843
54.0
2933
583.0
4701
164.0
1887
379.0
4702
25.0
6846
54.0
4700
96.0
1881
65.0
6849
138.0
1883
63.0
8281
146.0
6045
38.0
8284
27.0
6047
173.0
6850
46.0
8282
258.0
6851
62.0
8288
185.0
8286
372.0
2927
100.0
2928
133.0
2929
55.0
2923
56.0
4719
1376.0
4712
40.0
6855
87.0
2920
238.0
4714
436.0
1875
581.0
1874
90.0
1873
128.0
1872
23.0
4711
113.0
6858
156.0
1880
228.0
6033
42.0
6032
74.0
6038
67.0
8274
180.0
8275
29.0
8277
85.0
4616
68.0
4615
55.0
4610
489.0
4617
85.0
4606
30.0
4609
34.0
4640
171.0
4634
45.0
4631
671.0
4637
1243.0
4630
83.0
4623
164.0
4625
52.0
4627
115.0
4626
24.0
4628
151.0
4657
35.0
4647
46.0
4642
48.0
4644
123.0
4645
110.0
4681
34.0
4683
3067.0
4682
282.0
4678
33.0
4675
20.0
4679
32.0
4673
99.0
4666
52.0
7537
116.0
7539
508.0
4699
154.0
7541
236.0
7542
56.0
7546
117.0
4688
292.0
4687
30.0
7551
108.0
4694
48.0
4691
20.0
4692
473.0
7553
29.0
7517
234.0
7513
168.0
7514
149.0
7515
69.0
7520
38.0
7523
149.0
594
250.0
7527
955.0
7525
83.0
7534
140.0
7505
25.0
7504
36.0
7508
109.0
7506
116.0
7512
237.0
7510
232.0
5379
278.0
5389
30.0
5381
38.0
5393
173.0
5394
64.0
5399
42.0
5391
110.0
5392
230.0
6770
63.0
5234
67.0
6771
85.0
5232
144.0
8122
107.0
8121
31.0
8123
44.0
7493
451.0
7492
45.0
8118
49.0
8119
1666.0
1729
234.0
1727
20.0
6768
80.0
2854
201.0
1722
240.0
2853
398.0
6767
33.0
2206
55.0
5229
107.0
6766
49.0
1721
398.0
6765
34.0
2203
143.0
5225
347.0
2852
39.0
5226
40.0
2851
112.0
7486
94.0
7485
158.0
2221
60.0
7489
50.0
5220
272.0
8117
77.0
1717
20.0
409
76.0
408
34.0
1718
136.0
2849
109.0
1713
46.0
1714
76.0
2847
64.0
401
30.0
6777
73.0
2216
22.0
1710
310.0
2844
962.0
400
2299.0
6776
114.0
2215
54.0
6779
464.0
402
71.0
2217
54.0
2213
595.0
5217
40.0
5252
25.0
5251
68.0
5250
29.0
5254
35.0
8106
74.0
418
161.0
417
174.0
1708
144.0
1706
53.0
1707
37.0
410
152.0
6748
1260.0
6747
45.0
414
35.0
2831
3404.0
413
217.0
2834
58.0
411
194.0
6763
45.0
5243
40.0
5245
259.0
2826
234.0
428
97.0
2824
70.0
2829
75.0
5237
36.0
421
20.0
5238
29.0
420
71.0
425
27.0
6756
47.0
424
44.0
7450
50.0
2253
22.0
3386
39.0
2252
22.0
3387
807.0
3380
33.0
7456
25.0
7457
216.0
7447
25.0
2249
24.0
431
67.0
3377
38.0
430
28.0
2891
81.0
3393
163.0
7446
51.0
7443
2293.0
2260
47.0
3392
59.0
2259
42.0
2888
88.0
2889
260.0
7438
115.0
446
42.0
7437
20.0
2886
34.0
2255
192.0
2885
20.0
442
240.0
2882
116.0
2257
88.0
2883
271.0
7470
144.0
6796
50.0
7477
61.0
3362
37.0
7472
224.0
5212
42.0
2231
111.0
7473
135.0
7474
50.0
2230
72.0
2871
54.0
2224
45.0
454
173.0
2872
261.0
2222
38.0
5203
173.0
452
85.0
2229
27.0
7469
47.0
2878
476.0
2227
231.0
5207
43.0
456
380.0
459
38.0
7467
195.0
2870
101.0
7463
116.0
2241
61.0
2240
44.0
3376
43.0
7461
32.0
7462
40.0
5202
428.0
462
117.0
2862
330.0
3368
20.0
3367
295.0
464
41.0
2236
35.0
466
422.0
2237
41.0
6798
30.0
7459
54.0
2868
38.0
3339
77.0
3337
86.0
3342
244.0
2296
242.0
3340
80.0
2293
65.0
2294
40.0
1799
73.0
1798
105.0
1794
31.0
2299
34.0
3347
62.0
3352
179.0
8191
100.0
8193
45.0
8192
29.0
8196
140.0
2267
137.0
3314
47.0
2269
28.0
1784
129.0
3312
46.0
3317
37.0
8186
30.0
8184
176.0
2272
164.0
3321
22.0
8182
191.0
2275
25.0
8188
418.0
3322
37.0
1774
37.0
1771
952.0
3324
49.0
3325
243.0
1772
178.0
1777
119.0
3326
69.0
1778
63.0
3328
317.0
2287
101.0
8171
139.0
3332
98.0
2285
22.0
8170
40.0
8179
156.0
2812
33.0
1766
47.0
1763
81.0
6727
322.0
1762
126.0
2819
20.0
6729
44.0
1769
21.0
2816
41.0
1768
23.0
8168
29.0
8169
582.0
8162
226.0
6735
22.0
1755
78.0
2800
110.0
1754
254.0
6732
20.0
1752
469.0
3301
71.0
3300
157.0
6736
803.0
2806
22.0
2809
96.0
2802
46.0
3309
101.0
1758
44.0
8154
55.0
6742
182.0
8151
234.0
8152
1240.0
1740
30.0
1745
23.0
6701
42.0
1747
105.0
1748
84.0
6709
41.0
8148
189.0
8145
36.0
8144
35.0
8140
46.0
1730
1366.0
6714
59.0
6715
1039.0
1734
85.0
1733
21.0
1732
92.0
1731
42.0
1738
57.0
1737
80.0
1736
343.0
1735
156.0
6718
114.0
1739
129.0
6719
103.0
8136
63.0
8132
22.0
8131
59.0
35
68.0
37
68.0
42
115.0
4513
94.0
4510
44.0
4515
39.0
28
556.0
4502
53.0
4506
40.0
4505
159.0
18
345.0
11
30.0
20
22.0
4560
73.0
4554
75.0
4558
121.0
82
30.0
80
134.0
81
63.0
4543
56.0
4544
22.0
70
22.0
76
32.0
8099
8762.0
59
1569.0
57
304.0
8094
573.0
8092
179.0
8097
158.0
8095
21.0
8096
189.0
4538
187.0
4539
208.0
1695
283.0
4535
59.0
61
45.0
46
91.0
4530
169.0
4525
49.0
4526
23.0
4524
30.0
53
21.0
54
136.0
4599
331.0
487
318.0
485
34.0
484
38.0
489
103.0
483
24.0
473
132.0
4589
68.0
7407
41.0
7408
94.0
4587
110.0
7403
21.0
7413
108.0
7412
34.0
7410
129.0
4597
148.0
470
47.0
2788
449.0
7419
235.0
2783
110.0
4578
154.0
4583
32.0
2791
327.0
2792
215.0
4586
91.0
7421
126.0
7424
80.0
99
699.0
96
93.0
95
22.0
93
207.0
499
121.0
7425
4218.0
4568
27.0
2796
81.0
4567
58.0
495
21.0
2795
21.0
4566
55.0
4565
42.0
2794
59.0
4572
30.0
5263
81.0
5267
125.0
5265
72.0
5270
422.0
5273
660.0
5275
20.0
5276
75.0
5277
20.0
5279
192.0
5281
33.0
5289
389.0
5288
181.0
5286
20.0
5290
70.0
5292
946.0
5294
24.0
5295
87.0
5297
494.0
8419
247.0
8416
1304.0
8415
275.0
8417
31.0
332
60.0
3479
80.0
7349
81.0
336
180.0
7356
39.0
7352
30.0
3484
23.0
8424
233.0
8420
84.0
8409
111.0
342
73.0
3488
24.0
344
69.0
348
248.0
7337
160.0
7346
20.0
3493
20.0
3490
237.0
7345
21.0
3494
47.0
3495
59.0
8414
108.0
8411
30.0
8412
95.0
8438
222.0
315
521.0
7329
28.0
313
215.0
310
77.0
3498
20.0
7331
82.0
7333
106.0
8440
32.0
8442
366.0
8427
159.0
327
21.0
328
261.0
324
83.0
7321
66.0
7324
28.0
7322
35.0
8431
22.0
5128
42.0
5126
131.0
7392
741.0
8466
91.0
8468
25.0
8462
21.0
8465
26.0
5132
83.0
7399
24.0
5130
36.0
8461
22.0
5136
60.0
7395
20.0
5134
38.0
7397
141.0
5116
30.0
5117
77.0
305
669.0
8449
441.0
7383
27.0
7382
127.0
1602
20.0
1600
30.0
5106
180.0
5107
33.0
5104
95.0
1608
66.0
7372
48.0
7374
46.0
5114
110.0
5112
115.0
7375
40.0
5111
40.0
7378
70.0
7379
191.0
7359
63.0
8475
257.0
7363
86.0
5102
75.0
7369
63.0
7366
126.0
4041
66.0
4045
90.0
4927
39.0
1626
398.0
1628
27.0
4920
278.0
1622
427.0
1621
30.0
1624
421.0
4921
99.0
4922
75.0
6299
90.0
6298
179.0
6296
25.0
6293
263.0
6291
24.0
1617
62.0
3407
448.0
4937
201.0
1616
35.0
4939
69.0
3409
35.0
3400
38.0
4026
33.0
4931
98.0
1613
57.0
3404
38.0
1611
800.0
4934
100.0
1610
45.0
4025
521.0
6287
30.0
6286
111.0
4022
35.0
6281
364.0
6280
51.0
4947
20.0
4948
50.0
3418
140.0
1644
31.0
4946
252.0
4943
52.0
4019
68.0
3414
187.0
1645
62.0
4017
25.0
4018
192.0
3410
108.0
4940
29.0
3430
110.0
4013
108.0
6279
213.0
6278
174.0
6270
185.0
4958
199.0
1638
24.0
3429
172.0
1636
37.0
4008
271.0
3426
151.0
3425
26.0
3428
56.0
3427
162.0
4004
45.0
4950
32.0
3421
216.0
4006
25.0
3424
172.0
4007
47.0
6266
20.0
6268
102.0
6262
86.0
6263
29.0
6264
22.0
1671
46.0
6265
30.0
3434
796.0
3435
338.0
3432
177.0
1663
89.0
3438
49.0
1665
1869.0
1666
97.0
6259
41.0
1668
103.0
6257
30.0
6254
74.0
1652
51.0
3443
689.0
3445
106.0
3446
77.0
1651
61.0
3447
26.0
3448
206.0
6249
29.0
6240
94.0
3464
35.0
3463
79.0
1693
193.0
1692
30.0
3461
182.0
3460
69.0
6245
60.0
4902
74.0
1689
60.0
3456
257.0
1683
38.0
3457
125.0
3455
44.0
4909
146.0
4905
658.0
1682
40.0
3473
64.0
1681
217.0
6232
32.0
3472
70.0
3474
32.0
6236
441.0
6233
767.0
3470
55.0
4911
41.0
3469
28.0
4913
30.0
1677
50.0
6226
137.0
4912
30.0
3465
20.0
1675
142.0
3467
285.0
4915
243.0
4914
84.0
6206
38.0
4895
66.0
1576
109.0
6217
139.0
4888
149.0
4889
154.0
1589
69.0
6216
79.0
4884
49.0
1593
32.0
4892
31.0
4891
199.0
1594
32.0
4894
185.0
4893
45.0
6224
125.0
1590
122.0
6223
207.0
1598
40.0
1597
74.0
1599
34.0
4096
111.0
4093
191.0
6201
65.0
6200
135.0
4857
55.0
4856
24.0
4855
388.0
4854
213.0
4076
151.0
4846
34.0
4841
24.0
4840
35.0
4842
232.0
4083
79.0
4088
115.0
4850
204.0
4085
29.0
4087
56.0
4874
111.0
4873
54.0
3505
103.0
3502
21.0
3508
80.0
3506
34.0
4053
141.0
4051
914.0
4052
124.0
4882
21.0
4880
44.0
4056
54.0
4059
40.0
4865
315.0
4870
1930.0
4871
32.0
4872
24.0
5165
55.0
5162
117.0
5947
3095.0
5944
42.0
5177
263.0
5176
56.0
5936
27.0
5930
170.0
5932
578.0
5931
40.0
5142
55.0
5971
130.0
5970
53.0
5145
189.0
5966
650.0
5154
60.0
5961
48.0
394
136.0
5959
28.0
396
148.0
5148
24.0
5951
722.0
5954
124.0
5956
128.0
5958
24.0
383
139.0
5994
404.0
384
388.0
381
934.0
5991
620.0
7300
138.0
7303
33.0
5989
101.0
386
61.0
7310
60.0
5981
41.0
5980
28.0
371
534.0
372
32.0
378
34.0
7304
44.0
7305
48.0
375
423.0
374
331.0
7308
82.0
377
269.0
376
54.0
7309
86.0
5976
44.0
5181
53.0
362
160.0
365
1522.0
364
125.0
8400
24.0
5191
117.0
5193
24.0
5196
20.0
350
56.0
351
44.0
353
26.0
355
110.0
5999
66.0
359
23.0
2008
47.0
7205
123.0
2006
231.0
2005
77.0
8317
76.0
8316
247.0
8318
55.0
8326
52.0
7210
123.0
7211
230.0
7212
136.0
203
544.0
204
101.0
2014
20.0
200
44.0
8308
276.0
208
28.0
8310
55.0
8311
902.0
7201
83.0
3598
22.0
3597
28.0
210
26.0
215
105.0
216
23.0
7227
291.0
219
109.0
217
216.0
7234
107.0
7237
233.0
7232
40.0
222
850.0
7217
57.0
227
50.0
229
419.0
7225
303.0
7226
70.0
7223
110.0
7222
36.0
2001
130.0
5918
135.0
5916
33.0
5912
81.0
5910
546.0
7253
61.0
7252
31.0
8360
43.0
7256
28.0
7259
189.0
8362
73.0
7258
48.0
8364
44.0
8363
27.0
8365
22.0
8367
310.0
5926
73.0
5928
43.0
5929
46.0
7239
77.0
7243
55.0
8351
172.0
7246
23.0
7245
25.0
8354
1162.0
6190
817.0
8352
34.0
6192
97.0
8359
96.0
6193
330.0
8357
574.0
6194
40.0
6195
147.0
8339
136.0
5006
34.0
6994
104.0
7279
200.0
6995
167.0
6992
377.0
6990
135.0
7275
90.0
7276
60.0
7271
138.0
7273
57.0
8347
24.0
8343
35.0
5905
67.0
5908
51.0
6997
44.0
5900
206.0
7268
90.0
5000
125.0
7265
87.0
5003
747.0
7262
31.0
7261
98.0
7260
177.0
2090
35.0
7294
119.0
7295
21.0
7292
288.0
2098
89.0
3541
21.0
2097
289.0
7299
258.0
6163
333.0
7296
2294.0
7297
27.0
2094
22.0
6168
258.0
6971
26.0
6167
40.0
2093
2954.0
1523
54.0
6963
69.0
4824
20.0
3537
113.0
3536
41.0
6967
68.0
1521
30.0
3531
23.0
1520
103.0
1526
40.0
4827
60.0
3539
168.0
8397
165.0
8398
158.0
7284
36.0
6154
25.0
7287
51.0
8390
48.0
6153
49.0
6152
153.0
8392
164.0
6159
29.0
6981
29.0
6156
20.0
3547
821.0
6974
123.0
1512
90.0
3548
87.0
3543
21.0
3542
113.0
4831
1050.0
4838
151.0
1515
28.0
6182
31.0
6181
67.0
6183
324.0
2070
39.0
8385
22.0
8386
25.0
6189
691.0
8381
147.0
2074
124.0
8382
150.0
2073
40.0
6950
42.0
2076
111.0
6185
75.0
8380
356.0
6188
42.0
2077
131.0
6945
47.0
6946
30.0
6947
114.0
6941
136.0
1501
51.0
3516
34.0
3515
41.0
6944
258.0
4806
173.0
4807
74.0
4804
361.0
3517
51.0
1509
151.0
4809
505.0
8378
20.0
8379
604.0
6171
43.0
8376
217.0
6962
97.0
6961
113.0
8372
161.0
2083
277.0
6179
185.0
8373
77.0
2089
22.0
2088
25.0
2087
22.0
6958
51.0
3520
47.0
6959
58.0
2079
22.0
6956
69.0
4812
25.0
3527
81.0
4814
45.0
3526
22.0
3529
66.0
4816
109.0
4818
188.0
1570
279.0
6121
337.0
3583
267.0
2055
97.0
1572
37.0
6122
23.0
1571
26.0
3580
40.0
2051
112.0
6928
102.0
6929
103.0
6116
765.0
6118
56.0
1569
26.0
6921
32.0
6924
95.0
3575
21.0
6925
784.0
3594
24.0
6110
59.0
3593
1066.0
2067
1331.0
1560
40.0
3595
80.0
2062
119.0
2063
272.0
2060
77.0
6108
51.0
1557
41.0
6932
231.0
1558
115.0
6931
1896.0
6105
281.0
6930
22.0
6937
58.0
3586
35.0
1554
59.0
2058
39.0
1552
112.0
2032
134.0
3561
1103.0
6143
439.0
2033
405.0
2034
34.0
3560
61.0
6140
20.0
6906
20.0
6905
139.0
6902
21.0
3556
58.0
1541
29.0
2027
860.0
3554
572.0
2029
72.0
3559
20.0
1545
157.0
1547
89.0
3558
200.0
6137
90.0
6134
58.0
6135
21.0
6132
60.0
3571
67.0
2045
36.0
6133
35.0
3574
121.0
6918
83.0
6916
41.0
6915
89.0
3564
45.0
3565
765.0
1532
91.0
3567
135.0
6910
56.0
1475
379.0
1477
39.0
4797
47.0
1480
35.0
1481
40.0
1483
118.0
1488
90.0
4788
98.0
4789
45.0
1491
215.0
4790
88.0
1495
92.0
4792
400.0
4794
198.0
1459
170.0
1458
233.0
4779
143.0
4776
161.0
4775
76.0
4782
209.0
1461
59.0
4781
22.0
1462
81.0
4767
32.0
4768
126.0
5899
28.0
1466
322.0
1465
20.0
5898
170.0
1464
155.0
1463
81.0
6100
426.0
1471
80.0
4772
77.0
6101
89.0
3629
38.0
3621
114.0
3620
155.0
4759
107.0
3624
33.0
4760
36.0
3617
45.0
3619
44.0
4742
32.0
3611
29.0
4746
170.0
3614
50.0
4750
57.0
3609
37.0
3607
216.0
4736
26.0
3601
56.0
4733
214.0
4732
51.0
4731
29.0
1498
99.0
4730
109.0
1499
26.0
4740
120.0
4728
59.0
4724
253.0
4722
531.0
5021
27.0
285
119.0
5025
20.0
5026
386.0
284
81.0
5024
291.0
282
186.0
288
643.0
5844
46.0
5842
36.0
5016
122.0
5848
87.0
5845
32.0
5030
79.0
271
29.0
273
252.0
275
66.0
5028
83.0
276
1528.0
5830
111.0
5833
12354.0
277
645.0
5832
1041.0
5837
21.0
5048
20.0
5825
34.0
5820
511.0
5038
117.0
5828
210.0
5050
319.0
5056
101.0
296
161.0
5059
125.0
290
75.0
5055
134.0
5813
33.0
5815
85.0
298
234.0
5819
597.0
5065
116.0
5894
30.0
5893
38.0
5060
80.0
5888
34.0
5886
191.0
246
55.0
5077
323.0
5079
25.0
5881
274.0
230
30.0
5071
41.0
5072
396.0
5876
34.0
234
295.0
5877
75.0
5878
40.0
5879
42.0
262
344.0
5872
189.0
263
34.0
260
45.0
5871
46.0
5089
72.0
5088
21.0
5086
46.0
5080
56.0
269
22.0
5868
336.0
5865
211.0
266
193.0
5864
290.0
5861
98.0
5099
56.0
5098
40.0
5094
767.0
5090
64.0
257
96.0
5858
114.0
5859
23.0
259
639.0
254
123.0
1410
22.0
941
95.0
1415
42.0
940
135.0
1416
733.0
947
58.0
948
66.0
6492
143.0
6490
62.0
6497
24.0
6494
191.0
1426
63.0
931
156.0
932
215.0
938
29.0
939
252.0
920
22.0
6469
91.0
1431
25.0
1430
38.0
925
22.0
923
25.0
1438
104.0
6470
47.0
6477
61.0
6476
31.0
6475
22.0
6479
53.0
1445
1051.0
1448
56.0
1447
20.0
1442
61.0
1441
27.0
916
96.0
911
63.0
6480
50.0
6483
29.0
6482
27.0
1450
24.0
1451
48.0
988
99.0
981
814.0
970
60.0
968
73.0
964
93.0
962
99.0
960
121.0
954
376.0
953
201.0
1404
60.0
3683
64.0
3684
72.0
4290
173.0
4292
35.0
4294
115.0
3690
160.0
4296
20.0
4295
63.0
4298
144.0
4297
66.0
3693
72.0
4299
20.0
3686
66.0
3688
271.0
5802
90.0
5803
120.0
3698
303.0
5800
44.0
5807
27.0
996
116.0
995
62.0
993
22.0
998
61.0
999
526.0
2500
46.0
3633
101.0
3631
55.0
2503
21.0
3634
39.0
2516
25.0
2518
221.0
3642
24.0
3643
62.0
2512
48.0
2514
63.0
3662
72.0
3660
131.0
2529
74.0
2528
91.0
3658
29.0
3659
502.0
3656
88.0
3657
40.0
2521
35.0
2538
22.0
3668
182.0
2537
25.0
3663
27.0
2531
29.0
2530
70.0
2532
105.0
5736
64.0
2438
35.0
5735
27.0
4206
50.0
2435
66.0
3723
70.0
5737
342.0
3721
26.0
2431
32.0
5739
23.0
2439
37.0
7067
47.0
2440
34.0
5740
125.0
7066
538.0
4217
96.0
2425
257.0
4218
86.0
3713
33.0
2420
62.0
2421
224.0
2423
105.0
4216
87.0
2428
102.0
3717
242.0
7075
89.0
5751
72.0
7076
34.0
4220
130.0
7078
20.0
5754
84.0
4227
1663.0
2456
393.0
3742
45.0
4224
27.0
3741
143.0
3740
99.0
4225
27.0
5757
597.0
2457
60.0
4228
61.0
5759
58.0
3748
39.0
7041
237.0
4230
85.0
7048
109.0
2463
179.0
7046
40.0
5761
43.0
5762
846.0
2460
46.0
5763
34.0
3730
713.0
5767
35.0
4236
154.0
2444
240.0
4237
64.0
2445
297.0
4238
40.0
2446
46.0
4239
59.0
7998
22.0
3736
35.0
5768
85.0
2449
145.0
7051
218.0
7050
98.0
7052
99.0
7059
48.0
5770
41.0
4241
758.0
7055
612.0
4242
69.0
7057
20.0
7056
66.0
4244
329.0
7988
1191.0
7989
23.0
7986
37.0
7987
38.0
2475
142.0
4255
40.0
2481
29.0
7993
106.0
5706
25.0
7975
681.0
5704
35.0
7977
179.0
5703
71.0
4258
50.0
5700
35.0
2464
1039.0
2466
126.0
2471
1621.0
2472
48.0
4266
99.0
2474
24.0
7980
70.0
2470
129.0
7984
58.0
5717
52.0
3706
1229.0
3705
62.0
3708
29.0
2499
29.0
2498
284.0
7969
234.0
4268
506.0
5712
50.0
7966
1333.0
3702
284.0
5714
67.0
7964
53.0
3701
141.0
7974
31.0
4271
141.0
7089
48.0
4278
641.0
7088
65.0
4276
96.0
7085
119.0
7086
80.0
7080
1160.0
5728
52.0
5729
23.0
7955
48.0
5725
62.0
7961
297.0
2490
200.0
4284
167.0
7962
222.0
5730
98.0
7099
31.0
7091
113.0
4281
55.0
1396
63.0
1394
47.0
6420
36.0
7952
29.0
7946
450.0
6418
138.0
1382
561.0
1383
56.0
1385
30.0
1380
67.0
7933
51.0
6403
189.0
6404
441.0
6406
22.0
7938
691.0
1375
520.0
1378
20.0
7936
129.0
1377
510.0
6409
61.0
7930
251.0
7921
350.0
7920
111.0
7922
22.0
7928
49.0
7916
149.0
1397
54.0
7913
378.0
7911
22.0
7918
827.0
1351
71.0
7022
29.0
6463
56.0
1350
68.0
6467
51.0
6464
156.0
6465
105.0
7907
121.0
7908
22.0
7018
456.0
6459
47.0
1344
77.0
7904
145.0
7905
91.0
5794
509.0
6450
167.0
7032
47.0
5796
118.0
5795
37.0
6453
46.0
5790
20.0
7039
82.0
6454
173.0
6455
27.0
5792
263.0
7036
26.0
6456
384.0
5791
63.0
1335
55.0
6446
203.0
1337
838.0
1338
213.0
6448
88.0
5787
115.0
5788
240.0
1334
30.0
7003
292.0
1370
30.0
6444
66.0
6442
1998.0
1374
120.0
7001
154.0
1371
108.0
5799
51.0
1364
170.0
5798
288.0
6434
137.0
7012
445.0
4201
24.0
7010
53.0
6430
206.0
1362
117.0
6428
327.0
1356
20.0
6425
99.0
7009
25.0
804
23.0
805
122.0
1317
29.0
1316
49.0
1314
117.0
6348
28.0
1313
1467.0
157
94.0
1312
57.0
156
85.0
1311
39.0
154
343.0
6350
198.0
6354
76.0
1328
52.0
1325
117.0
6358
107.0
169
195.0
1327
161.0
165
24.0
6362
109.0
161
183.0
162
204.0
6368
176.0
824
29.0
822
140.0
827
60.0
177
70.0
176
1419.0
820
39.0
6379
27.0
170
157.0
171
87.0
6376
90.0
175
1404.0
172
50.0
6373
52.0
6370
1547.0
1307
54.0
1306
93.0
813
404.0
814
418.0
816
25.0
817
134.0
818
25.0
1300
267.0
189
25.0
6387
61.0
181
64.0
182
222.0
6389
143.0
183
271.0
6385
181.0
6381
76.0
116
199.0
117
20.0
114
243.0
112
90.0
110
193.0
849
67.0
847
28.0
119
31.0
6392
90.0
6390
74.0
6398
125.0
6399
71.0
125
100.0
128
40.0
122
20.0
124
69.0
839
85.0
129
4431.0
134
332.0
132
361.0
863
180.0
862
71.0
137
25.0
869
108.0
868
89.0
866
101.0
130
121.0
144
51.0
146
28.0
852
5475.0
851
36.0
149
73.0
858
41.0
857
149.0
859
107.0
142
73.0
889
29.0
882
91.0
4198
132.0
4194
101.0
4196
36.0
879
23.0
876
20.0
873
228.0
4186
32.0
4185
25.0
4187
325.0
4182
201.0
4180
733.0
4173
116.0
4175
66.0
4178
44.0
3781
278.0
197
20.0
2404
65.0
2403
29.0
2400
415.0
2408
42.0
2407
108.0
3791
154.0
3794
25.0
2414
315.0
3788
837.0
3787
704.0
2417
125.0
3754
191.0
3755
22.0
3759
431.0
3770
142.0
3763
30.0
3764
41.0
3767
42.0
3869
77.0
2334
90.0
4105
67.0
4103
41.0
5635
41.0
4104
20.0
2333
290.0
5637
22.0
7888
37.0
3865
115.0
4108
519.0
7896
133.0
7169
44.0
7168
43.0
7895
35.0
2342
128.0
7167
74.0
3870
22.0
4113
104.0
2341
125.0
7165
47.0
4111
22.0
7164
60.0
3858
59.0
4114
77.0
4115
49.0
5644
76.0
2324
435.0
2325
42.0
7876
114.0
2327
50.0
5647
214.0
7883
27.0
7179
56.0
5652
84.0
4121
66.0
4124
50.0
7178
44.0
4123
241.0
2330
64.0
7172
25.0
3848
119.0
5617
133.0
3844
79.0
2314
23.0
3843
50.0
2313
58.0
7187
2440.0
7181
168.0
7185
20.0
7184
333.0
7183
20.0
3837
109.0
3839
197.0
2304
22.0
3835
95.0
2306
67.0
5624
314.0
2300
22.0
3830
36.0
2302
72.0
5621
140.0
7198
24.0
4102
527.0
4101
162.0
7196
35.0
3820
45.0
2378
30.0
2377
81.0
7845
83.0
3824
1721.0
7844
55.0
3827
24.0
3826
22.0
2381
80.0
7853
22.0
2380
164.0
7850
254.0
2385
375.0
5601
142.0
7837
182.0
2368
195.0
2367
423.0
7833
172.0
5606
24.0
7834
124.0
3813
42.0
5609
72.0
3814
2473.0
5607
47.0
3817
109.0
3819
629.0
4162
142.0
4163
49.0
2371
22.0
4164
25.0
2373
540.0
4168
1280.0
7869
218.0
4125
44.0
3809
123.0
3808
68.0
3805
459.0
2364
34.0
2361
242.0
4132
205.0
2362
88.0
7875
1730.0
7872
37.0
7854
256.0
2347
381.0
2343
257.0
1299
23.0
4144
54.0
4145
141.0
2352
136.0
7862
93.0
7864
116.0
1293
45.0
1291
38.0
1296
95.0
1297
36.0
7808
92.0
7807
20.0
1289
52.0
1288
30.0
7805
20.0
7801
155.0
1281
21.0
1285
86.0
7101
64.0
1273
158.0
7103
29.0
7831
242.0
109
387.0
7821
24.0
103
126.0
7823
74.0
1269
22.0
1268
343.0
1267
267.0
101
600.0
1266
36.0
5699
21.0
1265
475.0
7827
94.0
5698
136.0
1261
281.0
7112
29.0
7111
50.0
2396
146.0
1262
44.0
7110
49.0
2395
1029.0
2394
45.0
2393
90.0
7820
73.0
7115
65.0
1260
300.0
7811
48.0
7816
206.0
1257
57.0
7815
28.0
2388
101.0
6324
61.0
5680
41.0
6321
101.0
7120
43.0
5684
282.0
7122
85.0
1250
235.0
5678
72.0
5679
302.0
1243
58.0
6317
24.0
7118
28.0
6316
23.0
6315
40.0
6311
107.0
5690
39.0
7135
64.0
6313
141.0
7136
145.0
1240
40.0
7134
106.0
7131
25.0
5697
158.0
6308
131.0
6307
80.0
1234
31.0
1236
114.0
1238
37.0
6306
160.0
7129
47.0
7128
227.0
7142
75.0
7143
30.0
7144
685.0
5662
92.0
7145
21.0
7146
211.0
7147
82.0
1227
27.0
6338
7652.0
1225
122.0
5658
43.0
5659
49.0
1222
94.0
7151
309.0
7150
36.0
7156
85.0
1220
92.0
6330
45.0
7154
71.0
6334
43.0
7157
75.0
6335
50.0
7158
30.0
5669
225.0
1214
62.0
6325
40.0
5665
36.0
1210
156.0
6329
22.0
5667
143.0
5668
137.0
904
41.0
903
68.0
906
106.0
905
43.0
900
352.0
8010
65.0
8015
380.0
8012
741.0
748
33.0
746
113.0
749
59.0
742
211.0
8025
120.0
8023
152.0
736
45.0
730
32.0
8032
64.0
8036
89.0
8035
70.0
8038
57.0
729
58.0
728
28.0
726
189.0
723
145.0
720
316.0
8040
53.0
8047
50.0
8046
987.0
8045
1828.0
711
100.0
8059
734.0
8052
158.0
8050
164.0
4963
117.0
4962
1088.0
4966
89.0
703
33.0
707
75.0
8068
67.0
8069
211.0
8064
52.0
8065
46.0
4980
308.0
4981
43.0
4972
48.0
4973
72.0
4975
134.0
4976
21.0
4978
163.0
4979
28.0
8077
985.0
4993
127.0
8071
106.0
4985
168.0
4986
56.0
8089
140.0
8087
65.0
8084
25.0
1202
22.0
1209
728.0
2749
20.0
2748
38.0
2747
41.0
2742
30.0
3874
22.0
3005
180.0
3006
24.0
2741
27.0
2740
136.0
3003
49.0
3009
23.0
3881
121.0
3011
257.0
3884
1119.0
2750
98.0
3886
30.0
3887
22.0
2754
65.0
2756
29.0
3002
1921.0
3892
114.0
7799
59.0
2766
158.0
3029
1243.0
3898
82.0
2765
177.0
3027
31.0
3028
721.0
3895
167.0
2770
22.0
3032
59.0
2777
99.0
798
254.0
2776
57.0
796
21.0
3015
20.0
794
24.0
793
283.0
2780
103.0
3024
33.0
3047
21.0
785
319.0
786
96.0
788
143.0
2705
140.0
2709
22.0
2708
83.0
3053
89.0
780
554.0
3054
48.0
3055
56.0
772
124.0
773
29.0
776
64.0
2712
26.0
2713
85.0
778
39.0
2719
34.0
3041
69.0
3043
29.0
3044
111.0
2723
99.0
763
47.0
2722
80.0
766
51.0
760
145.0
2729
39.0
2727
189.0
3072
188.0
3073
50.0
2732
31.0
2733
52.0
3058
76.0
2730
32.0
2736
77.0
2738
111.0
8006
25.0
3066
183.0
3061
60.0
3062
28.0
7750
79.0
1198
1132.0
4495
27.0
7753
650.0
4494
282.0
4491
90.0
7752
120.0
1193
20.0
4492
25.0
3082
325.0
3081
50.0
6619
68.0
3929
50.0
3924
66.0
6612
369.0
6611
1041.0
6614
24.0
3921
988.0
6613
47.0
6615
85.0
1186
124.0
1185
33.0
7741
20.0
7740
643.0
1182
39.0
3097
52.0
3090
38.0
3919
78.0
3913
78.0
6602
20.0
1179
84.0
6606
40.0
4499
52.0
6604
50.0
1178
56.0
3940
174.0
7729
24.0
3943
575.0
7723
780.0
7721
67.0
7720
21.0
3935
27.0
3938
105.0
3939
46.0
3930
21.0
7711
271.0
7712
37.0
3932
119.0
7713
25.0
3934
44.0
7790
358.0
2682
51.0
2681
100.0
7797
42.0
4448
30.0
2677
251.0
3961
218.0
4444
204.0
4445
27.0
3960
21.0
3968
104.0
5510
38.0
7782
59.0
4464
38.0
7784
373.0
7785
135.0
4461
25.0
4460
96.0
3954
38.0
5507
102.0
7777
74.0
5505
36.0
7779
380.0
4455
76.0
5502
37.0
2664
60.0
4457
183.0
3952
101.0
3951
20.0
2665
567.0
5500
73.0
3957
86.0
5508
222.0
4472
51.0
7776
266.0
4470
8962.0
7773
66.0
7771
233.0
4475
52.0
3992
24.0
4474
66.0
3990
26.0
4468
23.0
5514
75.0
5513
79.0
4467
45.0
3982
30.0
3989
28.0
7767
108.0
2699
41.0
3986
40.0
4482
841.0
7765
52.0
2692
56.0
4485
819.0
2691
146.0
2693
73.0
2685
57.0
4479
198.0
5529
80.0
3978
251.0
7757
26.0
4409
33.0
5539
89.0
4404
36.0
5537
128.0
5538
93.0
6699
505.0
4406
77.0
1105
30.0
5535
99.0
1103
74.0
5534
182.0
5543
41.0
5542
32.0
5540
46.0
6689
39.0
4418
21.0
5548
45.0
5547
20.0
6691
148.0
4420
36.0
6692
44.0
4421
73.0
6694
95.0
6695
133.0
6696
61.0
1125
41.0
4425
28.0
4424
59.0
4427
1079.0
4426
24.0
6679
35.0
1127
20.0
6677
96.0
6686
45.0
5565
42.0
1132
121.0
5564
330.0
5563
37.0
6681
220.0
5566
48.0
4436
224.0
1112
22.0
4433
39.0
1115
35.0
4437
92.0
6673
86.0
6675
43.0
5574
21.0
6670
55.0
4440
207.0
6671
80.0
4441
156.0
5575
90.0
6657
27.0
7701
43.0
7700
53.0
6658
90.0
6655
25.0
6659
161.0
7709
68.0
6661
421.0
1154
190.0
5584
36.0
1151
39.0
5582
139.0
5580
116.0
5581
89.0
6646
65.0
6647
22.0
5589
57.0
1135
113.0
5596
99.0
1141
32.0
5591
153.0
6652
37.0
6651
30.0
6654
62.0
5594
70.0
1169
30.0
1168
27.0
1167
121.0
5599
37.0
6635
310.0
3900
38.0
3904
433.0
3909
149.0
1171
20.0
6643
44.0
1172
167.0
1170
43.0
1176
37.0
1173
60.0
6626
135.0
1156
65.0
6629
21.0
6630
127.0
1160
99.0
6631
39.0
1161
191.0
600
45.0
609
240.0
607
25.0
605
3233.0
602
103.0
623
335.0
622
30.0
620
98.0
627
70.0
629
27.0
612
131.0
616
146.0
615
69.0
619
41.0
3111
22.0
6593
212.0
6599
48.0
6597
48.0
3107
187.0
3106
136.0
6589
92.0
3102
49.0
3100
113.0
2647
20.0
687
3379.0
686
111.0
7678
180.0
2645
118.0
689
54.0
3149
31.0
3147
286.0
684
85.0
2640
23.0
2649
350.0
7684
30.0
3153
139.0
3151
218.0
7687
272.0
7685
235.0
2656
30.0
7689
24.0
3139
58.0
2655
133.0
677
573.0
2658
63.0
3137
41.0
679
104.0
7690
25.0
3142
314.0
3145
162.0
2660
106.0
7694
54.0
2661
33.0
7697
326.0
7696
30.0
7699
177.0
3140
535.0
7698
39.0
3995
22.0
2621
42.0
3126
122.0
3994
80.0
3999
21.0
3128
217.0
2622
221.0
2627
45.0
2626
124.0
3130
64.0
3132
1843.0
3131
1251.0
2630
35.0
3114
24.0
2632
65.0
694
71.0
2631
193.0
2634
64.0
3117
68.0
3118
56.0
3119
20.0
698
21.0
697
59.0
2638
127.0
692
145.0
3122
109.0
2609
573.0
649
2407.0
2602
51.0
643
25.0
2600
528.0
644
129.0
2601
47.0
3199
29.0
3196
73.0
3193
44.0
3191
50.0
3192
34.0
3190
35.0
639
93.0
2615
187.0
636
71.0
632
55.0
2614
509.0
630
323.0
2610
160.0
3182
100.0
3181
1135.0
668
45.0
660
26.0
665
26.0
666
399.0
3171
21.0
3177
84.0
3176
31.0
651
32.0
652
27.0
3157
132.0
655
65.0
656
61.0
3166
810.0
4390
50.0
4393
24.0
4399
213.0
1099
42.0
4397
79.0
7607
208.0
1970
25.0
1971
152.0
4389
99.0
1974
35.0
7602
26.0
1084
215.0
1083
116.0
7600
22.0
1088
108.0
1990
419.0
1086
69.0
1980
204.0
1078
1129.0
1079
130.0
1981
64.0
1985
154.0
1988
35.0
4376
46.0
1077
43.0
4373
117.0
7630
49.0
6500
52.0
7625
115.0
1995
41.0
7629
36.0
1992
22.0
2598
272.0
1993
57.0
2597
36.0
1994
36.0
4386
88.0
1064
43.0
4388
54.0
1061
89.0
4383
30.0
7621
52.0
4379
118.0
2586
73.0
4378
34.0
7617
62.0
2588
232.0
1056
62.0
2587
55.0
2580
22.0
7654
20.0
7655
88.0
2584
87.0
4354
86.0
2582
108.0
4352
85.0
4347
55.0
4349
64.0
7643
74.0
7644
224.0
2571
117.0
5410
64.0
2570
101.0
4366
64.0
4365
691.0
7639
45.0
4356
40.0
4357
81.0
5402
59.0
4358
66.0
7634
92.0
2562
29.0
2561
96.0
7677
101.0
2559
114.0
4327
238.0
7667
217.0
2557
350.0
2552
267.0
4324
67.0
4342
44.0
7660
556.0
4344
51.0
7661
102.0
2551
37.0
4343
50.0
7663
150.0
7664
49.0
7666
67.0
2546
267.0
4339
46.0
7659
39.0
7658
224.0
2548
40.0
2541
27.0
2542
180.0
4336
195.0
4337
53.0
4301
422.0
1004
51.0
4303
61.0
4306
1955.0
6557
20.0
4308
91.0
1005
22.0
5438
70.0
6556
65.0
6564
439.0
1011
490.0
1010
50.0
5443
193.0
5445
54.0
4315
202.0
4312
30.0
6546
73.0
6545
48.0
4318
106.0
6547
255.0
1904
69.0
1905
67.0
1909
29.0
6552
20.0
6554
138.0
4321
41.0
4322
135.0
6551
131.0
5416
89.0
6578
47.0
1915
91.0
1913
43.0
1911
290.0
1912
20.0
6580
112.0
5422
167.0
6583
78.0
6584
183.0
6585
48.0
6586
80.0
6568
32.0
5428
220.0
1920
86.0
1921
102.0
6569
27.0
5424
21.0
5425
28.0
5426
20.0
1926
35.0
1923
165.0
5431
885.0
6570
230.0
6573
861.0
6576
27.0
1936
81.0
1934
59.0
1933
345.0
1938
345.0
1047
24.0
6519
68.0
5479
27.0
1046
83.0
5478
30.0
1045
56.0
6514
24.0
6515
71.0
1930
171.0
1049
81.0
5481
42.0
5485
142.0
5486
46.0
1053
77.0
1947
97.0
1946
366.0
1949
37.0
6509
39.0
1037
69.0
6508
67.0
1941
105.0
1039
37.0
6502
90.0
1942
103.0
6511
69.0
5496
192.0
1042
22.0
1044
294.0
5490
110.0
1959
51.0
1950
98.0
5457
62.0
6538
424.0
5462
473.0
6541
109.0
1966
188.0
6524
727.0
1016
182.0
1962
39.0
6526
159.0
1018
300.0
1013
120.0
6527
21.0
6528
63.0
1015
35.0
1961
37.0
1960
167.0
5469
90.0
5474
143.0
1020
34.0
5476
74.0
5477
120.0
6531
50.0
5471
221.0
6530
53.0
6532
243.0
5473
87.0
