8220
78.0
3282
89.0
3287
187.0
3278
39.0
6868
25.0
535
27.0
1822
59.0
2952
315.0
6866
35.0
1823
42.0
8219
62.0
6094
137.0
6095
144.0
8213
60.0
8212
20.0
5360
163.0
5363
44.0
2940
150.0
2
44.0
6879
29.0
1
28.0
6875
22.0
2947
63.0
1814
22.0
9
81.0
8208
67.0
8243
25.0
6080
21.0
8242
262.0
6085
59.0
8248
915.0
6089
68.0
5355
128.0
5352
89.0
2974
55.0
1841
151.0
6887
20.0
6886
177.0
5349
27.0
1849
22.0
2978
24.0
516
47.0
6073
24.0
6074
44.0
6075
57.0
1830
103.0
2965
63.0
1836
49.0
7596
57.0
3244
45.0
7591
22.0
2992
179.0
572
98.0
5324
211.0
2108
911.0
5329
812.0
3251
26.0
7587
24.0
3254
51.0
2990
47.0
5314
22.0
584
115.0
5316
75.0
2982
36.0
5317
60.0
589
388.0
2986
103.0
5319
31.0
7572
21.0
2130
300.0
7578
48.0
1803
62.0
559
39.0
2129
66.0
3257
38.0
3256
24.0
7562
170.0
7560
215.0
2143
39.0
3272
194.0
7566
34.0
7564
84.0
569
97.0
565
20.0
7558
84.0
2134
281.0
2135
109.0
563
24.0
2145
28.0
6019
135.0
3200
229.0
3201
38.0
1892
312.0
1898
80.0
1899
118.0
6007
30.0
3208
32.0
8299
21.0
2161
232.0
8293
365.0
8296
36.0
8292
80.0
2164
73.0
6801
91.0
2168
80.0
6805
74.0
3222
405.0
2175
42.0
2173
36.0
3227
49.0
3224
38.0
3225
25.0
6813
44.0
3226
70.0
2183
49.0
2912
38.0
6826
287.0
6821
32.0
1863
20.0
6822
46.0
8262
107.0
8263
37.0
6060
39.0
8268
39.0
2190
149.0
2901
47.0
2902
133.0
2905
37.0
6831
38.0
1853
37.0
8252
20.0
4709
587.0
2934
29.0
2935
178.0
6039
20.0
6842
83.0
2933
236.0
6843
22.0
1881
32.0
1883
34.0
8281
44.0
6047
31.0
6850
24.0
8282
32.0
6049
43.0
6851
47.0
8288
23.0
8286
71.0
2928
927.0
2923
61.0
4719
27.0
2920
38.0
4714
141.0
1873
50.0
6858
86.0
6033
35.0
6032
20.0
8274
240.0
4616
101.0
4604
50.0
4634
48.0
4637
86.0
4621
24.0
4623
291.0
4625
29.0
4627
50.0
4626
30.0
4628
59.0
4647
69.0
4642
33.0
4644
71.0
4682
537.0
4677
54.0
4679
25.0
4673
208.0
7537
57.0
7539
46.0
7541
68.0
7546
21.0
7551
118.0
7550
98.0
4691
20.0
4692
105.0
7553
59.0
7517
583.0
7513
32.0
7521
30.0
594
49.0
7525
32.0
7501
129.0
7510
316.0
5382
42.0
5393
505.0
5391
20.0
5392
320.0
6770
65.0
6771
49.0
5232
66.0
6774
27.0
8121
33.0
8123
34.0
7493
119.0
8119
201.0
1722
394.0
2853
66.0
6767
28.0
2203
170.0
5225
38.0
5226
24.0
7486
60.0
6781
22.0
7489
62.0
409
80.0
2216
51.0
400
42.0
6779
38.0
2218
70.0
402
222.0
2217
29.0
418
87.0
417
26.0
1702
59.0
1708
39.0
1706
263.0
410
60.0
6748
435.0
2831
745.0
6763
21.0
5245
88.0
2824
37.0
428
48.0
5238
78.0
6757
86.0
425
273.0
2820
213.0
2253
36.0
3387
136.0
2249
77.0
431
145.0
3377
234.0
2891
124.0
3396
24.0
3393
20.0
3392
57.0
7438
49.0
2886
81.0
2257
29.0
442
50.0
2883
24.0
7470
74.0
6797
64.0
6796
30.0
7477
38.0
7472
22.0
450
26.0
2231
73.0
7473
26.0
5210
27.0
2872
22.0
2226
26.0
456
1941.0
2879
22.0
459
20.0
2241
35.0
5202
76.0
2862
85.0
462
23.0
2863
30.0
463
51.0
3368
26.0
3367
23.0
466
32.0
2296
124.0
3342
24.0
1799
24.0
1798
43.0
1794
94.0
2299
56.0
8191
21.0
8193
110.0
8192
30.0
3314
36.0
2269
34.0
1785
36.0
2272
95.0
8182
24.0
2275
32.0
8188
44.0
1771
52.0
2278
50.0
3326
22.0
1778
65.0
3332
223.0
8179
88.0
1765
107.0
2811
30.0
1766
23.0
6724
67.0
6727
21.0
1762
46.0
2815
48.0
1768
24.0
8168
48.0
8162
166.0
2800
95.0
1754
38.0
3301
149.0
3300
66.0
6736
168.0
8150
82.0
8151
536.0
8152
97.0
1740
72.0
6700
39.0
6701
66.0
1747
22.0
1730
31.0
6714
20.0
6715
41.0
1734
20.0
1731
24.0
1735
96.0
1739
25.0
8134
47.0
4520
54.0
35
42.0
37
78.0
42
22.0
4510
73.0
4517
48.0
28
128.0
32
50.0
4505
35.0
11
71.0
79
25.0
4562
32.0
4558
119.0
4553
20.0
73
26.0
8099
196.0
8094
399.0
8098
32.0
8096
1289.0
4538
203.0
1695
35.0
1696
57.0
46
75.0
4530
110.0
53
20.0
54
52.0
4599
53.0
487
49.0
489
60.0
7401
106.0
482
20.0
7408
67.0
7406
32.0
7403
35.0
7410
51.0
4596
143.0
472
24.0
2788
36.0
2786
26.0
4578
49.0
2792
74.0
4586
22.0
4581
44.0
93
137.0
91
58.0
7428
127.0
7425
44.0
4568
22.0
2794
51.0
5260
26.0
5263
21.0
5273
20.0
5277
37.0
5279
23.0
5281
65.0
5289
50.0
5292
259.0
5298
39.0
5297
162.0
8419
147.0
8416
47.0
8415
20.0
3479
20.0
336
34.0
7356
155.0
8409
29.0
3488
48.0
344
28.0
3493
91.0
7342
81.0
3495
20.0
8414
24.0
8411
57.0
315
59.0
7329
20.0
7333
158.0
8442
194.0
8427
23.0
328
55.0
7392
65.0
8468
35.0
5132
26.0
7399
531.0
5117
52.0
8449
35.0
5107
190.0
5104
39.0
1608
126.0
7372
40.0
5114
70.0
5112
120.0
7375
59.0
7379
37.0
7359
28.0
7369
52.0
7367
76.0
4041
55.0
4927
50.0
4929
24.0
1622
28.0
1624
58.0
6299
49.0
6298
26.0
4034
55.0
6291
130.0
3407
54.0
4939
44.0
3400
24.0
1611
40.0
4949
34.0
4948
28.0
4946
70.0
4019
38.0
3414
219.0
4017
47.0
4018
23.0
3410
59.0
3430
21.0
4013
44.0
6279
288.0
6278
113.0
6270
20.0
4008
489.0
3428
23.0
3427
45.0
4950
45.0
4951
101.0
3424
302.0
6266
46.0
6268
31.0
6263
20.0
4000
180.0
3434
36.0
1663
56.0
1665
60.0
1668
75.0
6253
30.0
1652
90.0
3443
141.0
1650
29.0
3464
24.0
3463
33.0
6242
43.0
1693
22.0
3461
28.0
1692
70.0
3456
22.0
1683
42.0
3457
24.0
4909
684.0
4905
122.0
1682
30.0
1681
234.0
6236
504.0
6234
58.0
4913
26.0
1677
24.0
6226
95.0
3467
37.0
4914
34.0
1576
44.0
4895
128.0
4888
25.0
4889
243.0
1586
32.0
1593
29.0
1594
35.0
1591
35.0
4894
50.0
4893
32.0
6224
28.0
6223
65.0
1598
44.0
1597
43.0
1599
23.0
4098
30.0
4096
176.0
4093
38.0
6201
64.0
6200
137.0
4076
101.0
4080
51.0
4083
20.0
4850
402.0
4085
51.0
4087
28.0
4874
229.0
3505
75.0
3508
30.0
4865
170.0
4870
907.0
4871
20.0
5947
172.0
5177
801.0
5171
43.0
5930
604.0
5932
69.0
5145
72.0
5966
135.0
5961
50.0
5959
31.0
5148
23.0
399
20.0
5958
252.0
5994
23.0
383
52.0
384
569.0
381
145.0
5991
29.0
7300
60.0
5989
117.0
386
34.0
5980
62.0
371
102.0
7311
29.0
7305
79.0
374
39.0
360
28.0
365
113.0
364
164.0
8401
30.0
5191
80.0
5199
36.0
350
22.0
5995
35.0
5997
32.0
7205
20.0
2006
81.0
8317
74.0
8316
100.0
8326
35.0
7211
41.0
8306
28.0
8310
75.0
8311
73.0
7201
48.0
3598
135.0
215
25.0
216
43.0
7227
189.0
217
351.0
222
32.0
229
1918.0
7225
374.0
7223
30.0
5918
67.0
5916
21.0
7249
22.0
7253
59.0
7252
144.0
7256
86.0
8362
22.0
8367
105.0
5926
51.0
7238
21.0
7239
69.0
8354
30.0
6190
46.0
7240
20.0
6192
1265.0
6193
49.0
8357
51.0
6195
35.0
5006
55.0
6994
41.0
7279
46.0
6995
60.0
6992
123.0
5014
24.0
7277
28.0
7276
25.0
8347
58.0
7272
46.0
5905
27.0
5906
32.0
7265
60.0
5003
148.0
7262
86.0
7260
62.0
8330
36.0
7299
48.0
6163
24.0
2097
34.0
3541
29.0
6168
484.0
6965
36.0
6966
345.0
6968
36.0
3539
124.0
8397
38.0
8398
196.0
8390
93.0
3552
59.0
8392
356.0
6981
41.0
3547
23.0
4831
148.0
3544
43.0
4838
77.0
1515
106.0
6181
24.0
6189
788.0
8381
22.0
2074
98.0
2073
34.0
2076
276.0
8380
48.0
2077
21.0
2069
67.0
1501
40.0
6941
20.0
4807
24.0
3517
31.0
1509
34.0
4808
53.0
8378
39.0
8379
110.0
8376
33.0
6960
26.0
6178
40.0
6177
46.0
6176
37.0
6958
32.0
6959
52.0
3527
21.0
4814
32.0
1570
386.0
1572
71.0
6929
76.0
6116
834.0
3575
27.0
6925
54.0
6110
27.0
2067
83.0
2060
42.0
6108
85.0
1557
177.0
6932
83.0
1558
59.0
6931
88.0
1556
78.0
6105
37.0
1554
146.0
6934
31.0
2032
39.0
2033
353.0
3561
217.0
2034
234.0
6140
70.0
6909
22.0
6905
45.0
3556
75.0
2027
84.0
3554
32.0
1547
20.0
6136
98.0
6134
50.0
3572
148.0
3571
95.0
3574
241.0
6918
77.0
3564
49.0
3567
447.0
1534
115.0
1478
24.0
1484
32.0
4789
27.0
4790
100.0
4792
143.0
1459
370.0
1458
399.0
4776
102.0
4782
201.0
1468
20.0
4764
33.0
1464
1035.0
6100
73.0
4772
53.0
3628
31.0
4754
36.0
3620
180.0
4752
22.0
3619
44.0
3611
48.0
4745
80.0
4750
35.0
3609
32.0
3607
90.0
4736
26.0
4733
927.0
4732
29.0
1498
164.0
4731
35.0
4740
90.0
4727
32.0
4724
46.0
4722
1060.0
282
26.0
288
286.0
5844
64.0
5842
22.0
5841
56.0
5016
21.0
5030
21.0
5034
24.0
276
3415.0
5830
41.0
5833
3510.0
5832
73.0
5837
119.0
5048
20.0
5825
145.0
5038
25.0
5050
164.0
5056
42.0
296
85.0
290
190.0
5813
22.0
5819
66.0
5063
57.0
5894
39.0
5069
25.0
5887
49.0
5886
87.0
247
26.0
246
119.0
5077
90.0
5072
187.0
234
86.0
5879
60.0
5873
52.0
5872
21.0
260
20.0
261
41.0
5080
24.0
5867
30.0
5868
22.0
266
1263.0
264
64.0
5864
89.0
5861
20.0
5098
24.0
5094
45.0
259
110.0
1410
94.0
1415
27.0
941
66.0
1414
22.0
940
107.0
1417
70.0
1416
55.0
947
88.0
6490
111.0
6499
43.0
6496
46.0
931
1624.0
932
41.0
937
21.0
929
29.0
6470
200.0
6477
375.0
6479
181.0
1445
68.0
910
46.0
911
149.0
1451
106.0
981
29.0
976
26.0
970
26.0
972
38.0
954
21.0
953
219.0
952
79.0
3683
55.0
3684
522.0
3690
125.0
4295
120.0
4298
155.0
4297
86.0
3693
23.0
5807
29.0
996
153.0
999
614.0
2508
132.0
2500
40.0
3633
22.0
3631
20.0
2518
31.0
3662
137.0
3660
21.0
2529
63.0
3658
72.0
3654
48.0
3653
60.0
5735
22.0
5737
181.0
5732
162.0
2431
39.0
3729
60.0
5739
24.0
7064
26.0
2440
177.0
7066
95.0
5740
55.0
2425
30.0
4219
105.0
2420
34.0
2421
35.0
7070
43.0
7073
328.0
4227
116.0
2456
68.0
3741
31.0
4228
121.0
2457
59.0
2458
22.0
7041
111.0
4230
31.0
7048
22.0
5762
26.0
3730
1511.0
5767
34.0
2444
37.0
5768
170.0
7050
38.0
7052
306.0
5770
20.0
7055
177.0
4242
150.0
7057
60.0
4244
46.0
7056
88.0
2451
27.0
7988
517.0
7987
177.0
2475
55.0
7993
124.0
7977
78.0
4258
27.0
2466
105.0
2472
81.0
4266
126.0
2473
24.0
2470
47.0
3706
62.0
3705
60.0
2498
248.0
7969
51.0
5712
22.0
7966
79.0
5714
73.0
7973
20.0
4277
49.0
4278
33.0
7086
35.0
7080
179.0
2487
77.0
7955
291.0
2490
32.0
7962
28.0
1396
39.0
1394
20.0
6420
75.0
7946
51.0
1382
1070.0
1383
210.0
6403
44.0
7933
211.0
7938
28.0
1376
23.0
1375
463.0
7936
60.0
1377
21.0
7930
51.0
7921
31.0
7916
86.0
7913
32.0
7918
123.0
5785
102.0
6462
60.0
1350
176.0
6464
78.0
7907
40.0
7018
64.0
6459
166.0
1346
95.0
5794
372.0
6450
28.0
5790
22.0
7036
27.0
5791
22.0
6456
88.0
6446
70.0
1337
149.0
1338
98.0
6448
299.0
5786
20.0
5787
456.0
1370
25.0
6442
77.0
7000
100.0
1364
246.0
5798
286.0
1369
30.0
7014
57.0
6434
34.0
7010
42.0
6424
46.0
1317
44.0
1313
76.0
156
43.0
6350
22.0
6354
20.0
1328
22.0
169
149.0
1327
25.0
1326
28.0
161
61.0
162
28.0
6368
41.0
824
57.0
828
40.0
176
313.0
170
43.0
171
443.0
6373
31.0
6370
342.0
1307
28.0
1306
73.0
813
48.0
814
147.0
189
65.0
182
128.0
183
27.0
114
41.0
110
30.0
6398
32.0
125
45.0
128
87.0
839
45.0
129
3220.0
120
38.0
132
44.0
863
55.0
869
31.0
852
278.0
859
75.0
142
32.0
882
35.0
4198
23.0
4194
141.0
879
22.0
876
79.0
4186
20.0
4187
43.0
4180
33.0
197
75.0
2404
70.0
2400
56.0
2407
24.0
3791
104.0
3790
31.0
3788
269.0
3754
68.0
3755
47.0
3759
127.0
3765
25.0
3768
122.0
4108
188.0
7896
193.0
3870
27.0
4113
20.0
2342
21.0
2341
260.0
7891
41.0
4114
23.0
5644
76.0
2324
98.0
7876
117.0
4121
141.0
4124
136.0
7882
74.0
7172
25.0
3848
22.0
3845
33.0
5617
57.0
3843
32.0
7189
146.0
7187
428.0
7181
457.0
3839
204.0
2306
135.0
2302
1049.0
3830
39.0
4102
230.0
7845
55.0
3824
62.0
7844
23.0
3827
56.0
2380
136.0
7850
35.0
2385
250.0
2367
207.0
7835
31.0
3819
99.0
4162
24.0
2373
289.0
4168
1631.0
3808
57.0
2364
65.0
4132
256.0
7875
170.0
7872
36.0
7854
54.0
2347
59.0
2343
164.0
4144
130.0
7862
36.0
7864
30.0
1293
25.0
1297
26.0
7809
168.0
7801
120.0
7101
169.0
7103
28.0
1271
55.0
7831
40.0
109
65.0
7823
40.0
1268
47.0
101
141.0
1267
59.0
1266
51.0
2396
125.0
2395
42.0
7115
60.0
1260
66.0
7812
20.0
7811
71.0
7817
20.0
7816
68.0
2388
23.0
6324
32.0
5685
99.0
7122
176.0
1243
47.0
1244
47.0
6317
62.0
7118
26.0
6311
331.0
5690
151.0
6313
27.0
1240
162.0
7128
48.0
7144
150.0
6344
85.0
6338
369.0
7151
92.0
7156
81.0
6330
51.0
7157
115.0
6335
75.0
5669
51.0
904
26.0
906
27.0
8015
24.0
745
51.0
743
31.0
8025
60.0
8023
1883.0
736
104.0
8032
40.0
726
20.0
720
557.0
8047
30.0
8046
208.0
8045
34.0
8059
76.0
8052
42.0
8050
115.0
4962
244.0
700
83.0
703
145.0
8063
22.0
4980
64.0
4972
97.0
4975
22.0
8077
28.0
8070
59.0
4986
85.0
4994
29.0
1209
86.0
2749
88.0
3005
55.0
2740
20.0
3009
43.0
3881
29.0
3011
102.0
3891
25.0
3002
55.0
3892
111.0
3898
47.0
2766
22.0
7799
368.0
3029
20.0
2765
669.0
2770
42.0
793
98.0
792
62.0
3024
24.0
782
24.0
785
53.0
2700
20.0
788
24.0
2708
32.0
780
62.0
772
32.0
773
29.0
771
22.0
776
59.0
2712
55.0
778
43.0
2719
39.0
3043
47.0
3044
69.0
763
28.0
762
22.0
2729
83.0
2730
68.0
2738
25.0
3066
111.0
3061
45.0
4495
25.0
1198
411.0
1192
27.0
7753
28.0
1191
33.0
4494
24.0
3082
44.0
6612
402.0
3923
52.0
6614
22.0
3921
48.0
7741
60.0
1182
20.0
6606
43.0
4499
24.0
3946
125.0
3947
24.0
7723
20.0
3943
500.0
7721
38.0
7715
53.0
7790
226.0
2681
60.0
2680
37.0
4448
30.0
4444
62.0
3961
23.0
5510
31.0
7785
24.0
7779
25.0
5502
82.0
2665
871.0
3957
20.0
5509
28.0
3959
77.0
5508
23.0
7773
33.0
4470
46.0
3991
35.0
4475
254.0
7770
45.0
5511
22.0
5516
24.0
4482
26.0
7765
25.0
4485
41.0
2692
47.0
3980
29.0
3973
50.0
5529
70.0
2688
52.0
3978
25.0
1109
35.0
4404
34.0
6699
21.0
1105
29.0
1102
25.0
1103
38.0
5534
253.0
1101
39.0
5548
380.0
5547
76.0
6694
20.0
6695
37.0
1125
37.0
5555
27.0
5564
117.0
5562
36.0
4436
63.0
1112
159.0
6675
29.0
4440
24.0
4441
319.0
6661
111.0
5580
36.0
1135
28.0
1141
38.0
6651
280.0
1169
36.0
5599
32.0
6635
50.0
3904
320.0
6642
49.0
1172
24.0
1173
34.0
6630
25.0
1161
111.0
600
61.0
609
152.0
605
790.0
616
42.0
6593
37.0
6599
21.0
6590
21.0
3107
67.0
687
289.0
683
119.0
2640
228.0
7687
67.0
677
40.0
3144
35.0
7699
278.0
3140
101.0
3994
25.0
3128
188.0
2628
28.0
2627
44.0
2626
74.0
3132
374.0
3131
64.0
2630
25.0
3115
20.0
2631
20.0
3117
21.0
3119
64.0
2636
20.0
697
24.0
2638
223.0
2609
21.0
649
381.0
2600
118.0
644
42.0
2601
55.0
636
27.0
2614
36.0
630
66.0
3183
26.0
666
126.0
3177
65.0
3176
41.0
3157
29.0
3166
141.0
1090
42.0
4399
623.0
4397
27.0
1971
27.0
4389
52.0
1972
53.0
1084
174.0
1083
42.0
7600
139.0
1990
24.0
1078
521.0
1980
90.0
1985
186.0
1988
25.0
1077
77.0
4372
82.0
7630
32.0
1996
49.0
1064
58.0
4388
266.0
1062
50.0
2586
135.0
4378
111.0
7617
65.0
7644
387.0
5410
34.0
2571
121.0
2570
134.0
4366
114.0
4365
141.0
4356
59.0
5402
23.0
2566
32.0
7634
20.0
2562
26.0
2561
60.0
7676
40.0
2559
46.0
4327
20.0
2552
181.0
4324
42.0
7660
22.0
2551
92.0
4344
276.0
4343
202.0
7663
20.0
7664
84.0
4339
27.0
7658
94.0
2541
80.0
2542
91.0
1004
64.0
4308
201.0
5440
20.0
1011
247.0
4312
90.0
4318
66.0
6552
25.0
4322
172.0
6578
37.0
1911
26.0
6580
257.0
5422
66.0
6586
156.0
5428
50.0
1920
293.0
5425
40.0
1926
167.0
5431
2069.0
6570
34.0
6571
20.0
6573
1353.0
6576
32.0
1939
48.0
1047
164.0
5479
34.0
6515
74.0
1930
52.0
1049
170.0
1050
20.0
1947
20.0
1035
113.0
1037
39.0
1039
111.0
6504
24.0
5496
44.0
1042
27.0
1044
95.0
5490
26.0
1955
25.0
6536
23.0
5457
29.0
6538
65.0
5461
20.0
5462
82.0
1969
108.0
6524
51.0
1962
308.0
1018
62.0
1013
125.0
1960
109.0
5477
242.0
5470
30.0
5471
32.0
6532
29.0
