338
397.0
339
232.0
941
258.0
1415
30.0
942
231.0
1414
85.0
940
388.0
1419
56.0
333
417.0
1417
5935.0
944
10694.0
331
14724.0
530
4697.0
746
47.0
745
94.0
537
108.0
536
57.0
744
97.0
743
4584.0
741
46.0
1422
133.0
1424
1014.0
1425
161.0
931
571.0
933
44.0
938
1041.0
939
813.0
348
74.0
929
27.0
734
119.0
737
321.0
541
93.0
6
22.0
738
180.0
543
599.0
340
658.0
5
22.0
548
250.0
730
249.0
733
189.0
920
1215.0
1435
591.0
1434
237.0
318
179.0
1431
43.0
314
579.0
926
97.0
313
30.0
310
48.0
311
239.0
924
173.0
1438
36.0
513
860.0
729
1178.0
727
20.0
510
52.0
726
105.0
724
51.0
516
49.0
514
449.0
1446
140.0
327
544.0
1441
144.0
328
442.0
910
94.0
321
83.0
717
82.0
521
762.0
718
58.0
713
217.0
712
423.0
715
35.0
909
35.0
711
528.0
981
32.0
980
4949.0
986
170.0
985
74.0
984
231.0
574
65.0
703
67.0
575
4234.0
701
338.0
578
803.0
579
47.0
577
159.0
300
249.0
978
414.0
580
141.0
302
664.0
581
101.0
303
81.0
308
34.0
307
715.0
970
167.0
589
64.0
1600
31.0
969
26.0
968
101.0
963
87.0
1605
51.0
1606
555.0
1604
11192.0
558
35.0
555
239.0
553
41.0
550
24.0
1409
987.0
959
126.0
958
1432.0
560
186.0
954
1543.0
1407
134.0
1401
443.0
1402
589.0
1403
59.0
952
588.0
1400
189.0
1203
20.0
1206
3538.0
1205
73.0
1202
3549.0
567
80.0
561
100.0
1207
4393.0
564
29.0
1626
70.0
1622
577.0
1624
627.0
1617
223.0
1616
1059.0
1619
37.0
1613
148.0
1611
27.0
1610
198.0
1644
20.0
1645
25.0
1641
32.0
798
2160.0
795
280.0
794
35.0
997
446.0
994
70.0
992
798.0
993
46.0
1637
181.0
1635
121.0
1634
156.0
1633
73.0
782
42.0
785
35.0
786
283.0
787
159.0
788
532.0
1661
1289.0
1662
25.0
780
21.0
505
123.0
506
828.0
503
69.0
504
25.0
507
177.0
774
76.0
779
300.0
1660
60.0
502
1828.0
1652
849.0
1650
309.0
1657
195.0
1658
391.0
765
673.0
761
1245.0
769
42.0
753
46.0
758
60.0
1196
8354.0
1197
118.0
1193
100.0
1579
91.0
1574
127.0
1576
57.0
1582
24.0
1188
23.0
1187
52.0
1184
36.0
1182
72.0
1593
3064.0
1592
238.0
1590
152.0
1179
862.0
1199
502.0
1396
368.0
1104
1276.0
1394
164.0
1102
1970.0
1391
2150.0
1390
2055.0
1388
32.0
1382
1055.0
1384
59.0
1376
44.0
1377
2346.0
1124
221.0
1122
1072.0
1123
1889.0
1128
108.0
1129
174.0
1127
336.0
1131
6803.0
1130
233.0
594
411.0
597
74.0
391
47.0
390
123.0
596
125.0
393
209.0
598
216.0
392
90.0
395
251.0
1112
510.0
1113
64.0
1114
112.0
1115
177.0
1116
282.0
396
30.0
593
59.0
1351
382.0
1146
71.0
1145
90.0
1144
130.0
384
26.0
381
319.0
387
34.0
386
20.0
1153
523.0
1344
84.0
1343
56.0
1138
22.0
1134
76.0
379
307.0
378
2541.0
1169
43.0
1167
940.0
362
208.0
360
311.0
366
40.0
365
53.0
363
233.0
369
422.0
1366
309.0
1171
288.0
1172
464.0
1176
122.0
1369
367.0
1155
25.0
356
352.0
359
1983.0
358
613.0
1353
61.0
1354
652.0
1355
2095.0
1357
769.0
1163
404.0
805
20.0
1319
30.0
800
93.0
1317
491.0
801
26.0
159
1591.0
158
102.0
155
28.0
152
1010.0
601
145.0
153
111.0
150
125.0
609
340.0
605
172.0
604
3836.0
603
162.0
204
76.0
200
95.0
207
73.0
1320
50.0
168
26.0
1323
248.0
161
70.0
408
8812.0
162
24.0
1330
68.0
406
56.0
211
21.0
825
212.0
215
1074.0
829
4159.0
216
54.0
826
443.0
219
24.0
217
264.0
218
87.0
418
1024.0
417
57.0
174
1026.0
175
28.0
627
52.0
626
617.0
414
270.0
411
20.0
811
223.0
221
118.0
226
51.0
818
2979.0
187
1992.0
229
1253.0
1300
32.0
1303
57.0
1302
47.0
1305
24.0
1304
141.0
810
32.0
426
27.0
181
3070.0
182
116.0
612
129.0
186
72.0
611
31.0
423
334.0
617
26.0
424
192.0
619
85.0
843
22.0
116
106.0
115
30.0
111
1027.0
849
35.0
848
101.0
433
1630.0
430
50.0
439
108.0
830
44.0
125
298.0
832
96.0
831
108.0
838
2851.0
837
185.0
445
50.0
440
460.0
443
1746.0
120
39.0
861
1160.0
134
389.0
862
2737.0
137
566.0
452
25.0
457
202.0
455
26.0
456
245.0
130
249.0
144
73.0
146
928.0
852
60.0
854
361.0
853
28.0
857
116.0
460
163.0
462
89.0
465
52.0
466
9562.0
140
176.0
687
67.0
689
81.0
682
393.0
684
47.0
1525
594.0
1524
92.0
888
153.0
889
575.0
885
28.0
680
1153.0
887
12020.0
1529
586.0
1528
250.0
883
20.0
677
11938.0
675
85.0
673
1711.0
671
13485.0
1514
81.0
1513
4445.0
1511
232.0
878
189.0
875
27.0
876
47.0
670
1047.0
874
260.0
1517
254.0
870
33.0
1503
178.0
1505
22.0
695
55.0
890
2215.0
698
636.0
893
315.0
891
61.0
892
3362.0
898
87.0
692
61.0
896
21.0
1570
347.0
648
1723.0
642
6230.0
195
246.0
194
185.0
644
124.0
640
247.0
193
77.0
199
62.0
1569
67.0
639
720.0
636
83.0
630
557.0
1557
788.0
1555
12806.0
1556
1152.0
1551
290.0
668
118.0
1550
58.0
660
131.0
1540
20.0
1541
67.0
1544
119.0
1547
501.0
656
73.0
1537
26.0
1538
153.0
1530
46.0
1090
412.0
35
33.0
1092
391.0
34
73.0
39
139.0
1099
76.0
37
196.0
38
44.0
1089
62.0
43
61.0
42
42.0
41
36.0
40
36.0
1480
1633.0
1485
364.0
1080
53.0
1082
309.0
26
590.0
1087
1267.0
27
20.0
1086
103.0
1085
4992.0
1079
913.0
31
43.0
1494
557.0
1493
225.0
1459
136.0
1458
1938.0
1453
101.0
17
721.0
1077
65.0
1073
48.0
12
22.0
1068
71.0
1462
59.0
1466
88.0
1463
2045.0
1064
36.0
1058
69.0
1056
33.0
1057
127.0
1472
51.0
1470
38.0
1471
136.0
82
4085.0
81
120.0
84
226.0
72
1712.0
75
204.0
76
97.0
59
93.0
58
58.0
55
28.0
1498
173.0
1499
2146.0
64
21.0
62
3074.0
63
255.0
61
23.0
1298
48.0
54
44.0
1292
26.0
1293
70.0
1002
25.0
1007
494.0
1296
250.0
1297
20.0
1006
20.0
281
25.0
280
1036.0
484
169.0
285
410.0
282
1279.0
288
937.0
286
20.0
480
62.0
1288
45.0
1287
3902.0
1280
271.0
1281
1065.0
473
70.0
476
53.0
270
32.0
477
20.0
274
265.0
278
572.0
470
665.0
472
44.0
1279
194.0
1278
8935.0
1000
342.0
1273
198.0
106
45.0
103
227.0
1269
2823.0
1266
2960.0
1265
85.0
97
203.0
96
758.0
1263
2207.0
1264
22.0
95
27.0
1260
46.0
296
723.0
491
26.0
1259
76.0
1255
297.0
1256
467.0
89
32.0
1050
217.0
1249
24.0
1247
116.0
1053
22.0
245
75.0
244
215.0
1034
26.0
1038
114.0
1232
24.0
1233
89.0
239
24.0
1236
47.0
1237
22.0
1239
4953.0
1044
60.0
231
203.0
235
46.0
237
27.0
1231
191.0
1028
117.0
1027
23.0
1024
33.0
1033
59.0
1030
301.0
1031
1276.0
269
44.0
266
50.0
264
20.0
251
185.0
252
88.0
1017
31.0
1214
35.0
1215
92.0
1210
424.0
1211
2872.0
1212
32.0
258
454.0
904
769.0
903
39.0
257
93.0
905
47.0
1219
193.0
901
133.0
