338
277.0
339
70.0
942
73.0
800
30.0
940
135.0
1317
57.0
333
170.0
159
264.0
1417
1706.0
331
4882.0
944
3327.0
1312
22.0
152
461.0
601
89.0
530
2200.0
153
32.0
150
37.0
745
35.0
609
87.0
536
24.0
605
22.0
744
32.0
604
829.0
743
1272.0
603
53.0
741
55.0
1424
581.0
931
167.0
1323
33.0
938
433.0
348
42.0
939
249.0
161
149.0
734
25.0
408
2311.0
737
136.0
1330
87.0
541
67.0
543
229.0
340
75.0
406
38.0
548
78.0
730
99.0
733
86.0
825
44.0
920
300.0
1435
22.0
215
218.0
318
74.0
216
57.0
829
1506.0
826
177.0
214
20.0
314
131.0
217
89.0
926
25.0
218
20.0
820
30.0
924
64.0
513
197.0
418
224.0
729
262.0
510
25.0
174
452.0
723
33.0
626
142.0
414
129.0
516
40.0
629
22.0
411
28.0
514
154.0
1446
24.0
811
31.0
221
20.0
327
173.0
1441
130.0
818
653.0
229
446.0
187
550.0
1303
25.0
910
46.0
1302
25.0
1304
94.0
521
68.0
181
1098.0
182
35.0
713
78.0
712
125.0
711
235.0
423
53.0
619
51.0
111
293.0
980
1012.0
848
41.0
984
30.0
433
430.0
430
24.0
703
27.0
575
830.0
701
36.0
578
77.0
125
76.0
832
40.0
300
57.0
978
450.0
580
62.0
302
271.0
303
25.0
838
686.0
837
39.0
308
40.0
307
779.0
970
20.0
440
61.0
443
572.0
134
30.0
861
251.0
1600
29.0
137
32.0
862
131.0
963
60.0
1606
29.0
1604
3284.0
457
213.0
455
31.0
456
42.0
555
57.0
130
65.0
1409
392.0
959
50.0
958
457.0
560
21.0
146
166.0
954
2136.0
854
58.0
853
26.0
1401
149.0
1402
98.0
1403
22.0
857
20.0
952
179.0
460
20.0
462
25.0
463
25.0
1206
1171.0
466
3175.0
468
22.0
1202
1095.0
140
25.0
1207
1204.0
564
44.0
687
42.0
682
96.0
1626
43.0
1525
243.0
888
54.0
1629
22.0
889
319.0
680
532.0
887
4053.0
1622
56.0
1624
261.0
1529
599.0
1528
103.0
677
3330.0
675
33.0
673
704.0
671
2939.0
1617
68.0
1513
1026.0
1616
182.0
1511
154.0
878
136.0
670
475.0
874
137.0
1517
108.0
1610
97.0
1503
35.0
695
24.0
890
883.0
698
536.0
798
516.0
795
60.0
792
20.0
997
55.0
992
42.0
893
29.0
1635
22.0
892
1053.0
786
142.0
787
55.0
648
218.0
788
123.0
642
2324.0
195
75.0
644
62.0
645
23.0
193
33.0
640
142.0
1661
291.0
1662
52.0
199
27.0
780
27.0
506
35.0
639
317.0
507
87.0
636
47.0
779
120.0
1660
20.0
630
134.0
502
687.0
1652
1281.0
1650
323.0
1657
114.0
1557
511.0
1658
128.0
1555
3302.0
1556
136.0
1551
55.0
668
31.0
766
30.0
1550
20.0
761
568.0
660
37.0
1540
24.0
1541
20.0
1547
479.0
656
34.0
1538
57.0
1196
3457.0
1197
27.0
1090
107.0
35
20.0
1092
126.0
1190
25.0
34
29.0
1574
38.0
1099
63.0
38
24.0
1582
50.0
43
45.0
1480
362.0
1184
62.0
1485
147.0
1080
20.0
1082
29.0
26
181.0
1087
268.0
1085
1504.0
1593
440.0
1079
49.0
1590
20.0
31
44.0
1179
397.0
1494
35.0
1458
430.0
17
213.0
1068
31.0
1466
20.0
1463
206.0
1472
38.0
1199
75.0
1470
32.0
82
631.0
81
40.0
84
40.0
72
811.0
75
78.0
58
79.0
55
23.0
1499
503.0
64
25.0
62
1383.0
63
140.0
61
21.0
54
25.0
1002
52.0
1296
164.0
1007
49.0
280
387.0
1396
192.0
1104
349.0
1394
122.0
484
39.0
1391
515.0
1102
815.0
285
100.0
282
368.0
1390
795.0
288
67.0
1287
925.0
1280
359.0
1281
380.0
1382
247.0
473
20.0
1384
52.0
476
22.0
475
70.0
274
32.0
278
155.0
470
112.0
1377
666.0
472
25.0
1278
1494.0
1000
47.0
1273
51.0
1124
44.0
1122
280.0
1123
636.0
1129
65.0
1127
60.0
1131
1654.0
106
35.0
1269
240.0
103
110.0
1266
1251.0
1265
80.0
594
219.0
97
235.0
96
275.0
1263
626.0
393
22.0
598
25.0
395
163.0
1112
194.0
1113
34.0
296
211.0
1116
26.0
1120
36.0
1255
24.0
89
20.0
1256
167.0
1351
274.0
1144
59.0
381
96.0
1050
85.0
1249
25.0
386
22.0
245
86.0
1153
172.0
244
72.0
1344
35.0
1138
41.0
1232
20.0
379
95.0
378
941.0
1239
2218.0
236
20.0
235
20.0
1167
232.0
1028
185.0
1027
29.0
362
22.0
1033
72.0
1030
162.0
1031
288.0
363
79.0
369
20.0
1171
50.0
1366
63.0
1172
98.0
269
40.0
1369
174.0
251
69.0
252
27.0
1210
177.0
356
58.0
1211
1269.0
359
478.0
358
25.0
258
78.0
904
214.0
1353
30.0
1354
1136.0
257
23.0
1355
282.0
1357
338.0
1163
45.0
901
45.0
