338
1341.0
339
130.0
941
196.0
942
190.0
1414
54.0
1413
41.0
940
510.0
1412
47.0
1419
49.0
333
523.0
1417
4345.0
331
8643.0
944
9552.0
530
5959.0
746
38.0
745
56.0
532
44.0
538
27.0
537
113.0
536
112.0
744
50.0
743
2770.0
741
63.0
1422
302.0
1424
1332.0
1425
231.0
931
442.0
933
31.0
934
51.0
938
855.0
939
865.0
348
79.0
2
20.0
929
82.0
734
78.0
542
24.0
737
254.0
541
111.0
738
291.0
543
651.0
340
1542.0
5
31.0
548
114.0
730
201.0
733
126.0
920
975.0
1435
592.0
1434
278.0
318
244.0
1431
239.0
314
298.0
926
57.0
310
71.0
924
147.0
311
443.0
513
500.0
729
882.0
727
36.0
726
215.0
724
52.0
723
97.0
722
35.0
516
62.0
514
345.0
1446
158.0
327
414.0
328
488.0
1441
164.0
1443
22.0
910
80.0
321
149.0
717
52.0
521
803.0
718
31.0
713
250.0
712
482.0
711
359.0
525
23.0
528
20.0
571
25.0
981
113.0
980
2743.0
986
311.0
985
100.0
984
115.0
574
59.0
703
40.0
575
3037.0
701
188.0
578
1019.0
579
69.0
577
106.0
300
122.0
978
1186.0
302
708.0
580
62.0
303
134.0
581
77.0
308
27.0
307
1604.0
970
70.0
1600
100.0
969
32.0
968
73.0
963
80.0
1605
23.0
1606
495.0
1604
9005.0
555
171.0
553
61.0
550
28.0
551
80.0
1409
862.0
959
252.0
958
948.0
560
51.0
954
4942.0
1407
250.0
1401
355.0
1402
382.0
1403
35.0
952
453.0
1400
265.0
1206
3793.0
1205
124.0
1202
2809.0
565
53.0
567
66.0
561
171.0
1207
2869.0
563
22.0
564
63.0
1209
44.0
1626
87.0
1625
46.0
1622
783.0
1624
717.0
1617
255.0
1616
449.0
1614
22.0
1619
45.0
1613
195.0
1611
31.0
1610
316.0
1644
26.0
1643
30.0
798
1707.0
796
22.0
795
192.0
794
44.0
997
663.0
994
110.0
992
1113.0
1639
27.0
993
48.0
1637
370.0
1635
98.0
1634
46.0
1633
38.0
782
86.0
785
74.0
786
521.0
787
232.0
788
497.0
789
24.0
1661
623.0
1662
72.0
780
77.0
505
72.0
506
1017.0
503
148.0
504
47.0
507
175.0
774
25.0
778
22.0
779
211.0
1660
96.0
502
1991.0
1652
2907.0
1650
638.0
1657
359.0
1658
442.0
765
1278.0
766
45.0
761
1116.0
769
55.0
758
83.0
1196
7209.0
1197
235.0
1193
174.0
1190
45.0
1579
107.0
1574
114.0
1576
20.0
1187
43.0
1184
51.0
1182
55.0
1589
25.0
1593
1352.0
1594
25.0
1592
396.0
1590
232.0
1179
897.0
1199
416.0
1108
21.0
1396
351.0
1104
777.0
1394
298.0
1102
1661.0
1391
1282.0
1390
2319.0
1389
141.0
1388
53.0
1382
568.0
1384
144.0
1376
82.0
1377
2518.0
1124
256.0
1122
770.0
1123
1383.0
1128
106.0
1129
63.0
1127
487.0
1131
5365.0
1130
305.0
594
454.0
597
56.0
390
103.0
596
113.0
393
464.0
598
536.0
392
71.0
395
354.0
1112
400.0
1113
42.0
1114
146.0
1115
223.0
1116
371.0
1120
96.0
593
38.0
1351
1100.0
1146
74.0
1145
97.0
1144
95.0
381
338.0
389
31.0
387
64.0
386
27.0
1153
480.0
1344
25.0
1343
24.0
1138
31.0
1341
22.0
1134
123.0
379
317.0
378
2420.0
377
32.0
1141
21.0
1169
28.0
1167
1817.0
362
364.0
360
310.0
366
42.0
363
196.0
369
539.0
1171
373.0
1366
193.0
1172
573.0
1170
39.0
1176
90.0
1369
427.0
1157
69.0
356
573.0
359
1556.0
358
555.0
1353
37.0
1354
2291.0
1355
964.0
1357
668.0
1163
708.0
1164
25.0
1319
26.0
800
56.0
801
55.0
1317
838.0
159
712.0
158
171.0
1312
37.0
156
44.0
155
34.0
152
2260.0
601
83.0
153
305.0
150
117.0
609
202.0
605
281.0
604
1824.0
603
70.0
203
20.0
204
86.0
1329
51.0
200
62.0
169
24.0
207
44.0
1320
34.0
1323
464.0
161
324.0
162
35.0
408
5442.0
1330
42.0
406
108.0
211
20.0
825
104.0
215
505.0
829
2541.0
216
399.0
826
324.0
214
40.0
219
24.0
217
256.0
218
70.0
176
24.0
820
41.0
418
2270.0
417
35.0
174
968.0
627
85.0
626
244.0
414
193.0
411
23.0
811
136.0
221
50.0
224
22.0
226
57.0
818
1988.0
229
1060.0
187
961.0
1303
65.0
1302
47.0
1305
62.0
1304
128.0
810
25.0
181
2866.0
182
82.0
612
211.0
186
113.0
611
22.0
614
33.0
423
249.0
617
32.0
424
192.0
619
63.0
843
76.0
116
199.0
842
32.0
115
65.0
111
624.0
849
74.0
848
105.0
433
610.0
430
24.0
439
111.0
437
22.0
125
232.0
830
97.0
832
36.0
831
39.0
121
29.0
838
1977.0
837
114.0
445
67.0
440
437.0
443
1370.0
120
27.0
448
35.0
134
256.0
861
761.0
137
954.0
862
3061.0
868
21.0
457
634.0
455
55.0
456
173.0
130
133.0
144
136.0
146
418.0
852
77.0
854
275.0
853
51.0
857
99.0
460
237.0
462
50.0
465
99.0
466
7682.0
140
233.0
687
32.0
689
48.0
682
515.0
684
60.0
1525
540.0
1524
196.0
888
94.0
889
1061.0
884
29.0
885
101.0
680
896.0
887
9638.0
1529
752.0
1528
253.0
883
29.0
677
6578.0
675
23.0
673
1125.0
672
21.0
671
7591.0
1514
200.0
1513
3151.0
1511
333.0
878
167.0
875
80.0
876
194.0
670
2299.0
874
651.0
1517
211.0
870
34.0
1503
311.0
1505
44.0
1504
28.0
1506
24.0
1509
87.0
695
108.0
890
2234.0
698
1857.0
893
134.0
891
65.0
892
2645.0
692
56.0
1570
340.0
648
969.0
642
5786.0
195
258.0
194
314.0
644
116.0
645
40.0
640
605.0
193
22.0
199
32.0
1569
54.0
639
692.0
636
125.0
630
284.0
1557
1607.0
1555
6900.0
1556
1917.0
1551
590.0
668
83.0
1550
118.0
660
127.0
1540
44.0
1541
59.0
1544
332.0
1547
1023.0
655
22.0
656
104.0
1537
25.0
1538
188.0
1530
89.0
1090
162.0
35
56.0
1092
278.0
34
135.0
39
362.0
37
171.0
1099
277.0
38
20.0
1098
29.0
1089
91.0
43
190.0
42
64.0
41
56.0
40
99.0
1480
837.0
1483
28.0
1485
250.0
1080
252.0
1082
85.0
26
524.0
1087
850.0
1086
66.0
1085
4409.0
1079
1038.0
31
50.0
1494
524.0
1493
62.0
1459
36.0
1458
901.0
1453
83.0
1452
36.0
17
538.0
14
28.0
1073
46.0
12
27.0
1068
86.0
1460
30.0
1462
87.0
1466
44.0
1463
959.0
1064
25.0
1058
135.0
1056
96.0
1057
73.0
1472
64.0
1470
104.0
1471
117.0
82
1837.0
81
266.0
84
460.0
72
1521.0
75
206.0
76
129.0
59
90.0
58
46.0
1498
138.0
1499
1183.0
64
37.0
62
7118.0
63
236.0
61
27.0
44
21.0
1298
21.0
54
77.0
1293
155.0
1002
25.0
1007
352.0
1296
600.0
1297
39.0
1005
20.0
1006
67.0
281
70.0
280
906.0
484
88.0
285
969.0
282
968.0
288
1344.0
289
33.0
480
57.0
1288
29.0
1287
2682.0
1280
495.0
1281
2257.0
270
41.0
475
116.0
271
112.0
477
45.0
274
580.0
278
624.0
470
395.0
471
20.0
472
39.0
1279
128.0
1278
4536.0
1000
138.0
1273
222.0
1270
20.0
106
30.0
1269
3999.0
103
240.0
1266
5039.0
1265
151.0
97
637.0
1263
2554.0
96
554.0
1264
35.0
95
35.0
1260
178.0
296
511.0
1259
75.0
1258
41.0
1255
345.0
1256
454.0
89
62.0
1050
211.0
1243
26.0
1247
171.0
245
151.0
244
158.0
246
32.0
1039
20.0
1232
132.0
1233
132.0
239
49.0
1236
56.0
1238
56.0
1239
4997.0
1044
44.0
231
231.0
236
30.0
235
30.0
237
27.0
263
37.0
1231
170.0
1028
398.0
1027
112.0
1033
147.0
1030
255.0
1031
624.0
269
44.0
268
29.0
266
108.0
251
152.0
252
168.0
1017
178.0
1214
37.0
1215
83.0
1216
24.0
1210
486.0
1211
2110.0
1212
48.0
258
228.0
904
397.0
257
83.0
905
83.0
1219
184.0
901
424.0
