338
1640.0
339
1001.0
941
818.0
942
603.0
1414
73.0
940
379.0
1412
66.0
1419
64.0
333
1557.0
1417
6752.0
331
19809.0
944
27098.0
748
60.0
530
35574.0
746
110.0
745
785.0
532
70.0
538
27.0
537
548.0
536
54.0
744
62.0
743
6778.0
741
197.0
1420
60.0
1422
505.0
1424
4630.0
1425
672.0
931
3187.0
933
26.0
934
74.0
938
3373.0
348
101.0
939
1604.0
734
775.0
929
50.0
737
1715.0
1
24.0
542
91.0
541
125.0
738
670.0
543
3903.0
6
72.0
340
2189.0
5
31.0
548
345.0
9
37.0
730
764.0
733
702.0
920
2112.0
1435
1698.0
1434
1027.0
318
274.0
1431
171.0
314
936.0
315
39.0
313
62.0
926
324.0
310
145.0
311
676.0
924
220.0
1438
75.0
513
3111.0
729
4255.0
727
132.0
510
267.0
726
551.0
724
151.0
723
77.0
516
105.0
514
811.0
1446
250.0
327
586.0
328
1462.0
1441
411.0
914
140.0
910
98.0
321
206.0
717
190.0
521
2496.0
718
146.0
713
1330.0
712
2696.0
715
376.0
909
104.0
711
1700.0
525
23.0
989
27.0
571
49.0
981
186.0
980
7681.0
986
468.0
985
178.0
984
1046.0
574
138.0
703
61.0
575
27184.0
701
2199.0
578
2211.0
579
153.0
706
25.0
577
359.0
300
382.0
978
1469.0
580
214.0
302
1460.0
303
271.0
581
65.0
308
46.0
307
2140.0
970
91.0
589
27.0
1600
136.0
969
44.0
968
385.0
963
129.0
961
52.0
1608
27.0
1605
64.0
1606
1768.0
1604
34259.0
558
135.0
555
304.0
553
90.0
550
21.0
551
67.0
1409
2019.0
959
179.0
958
7893.0
560
276.0
954
6449.0
1407
216.0
1401
2046.0
1402
2137.0
1403
35.0
952
4002.0
1400
683.0
1206
24167.0
1205
154.0
1202
8002.0
565
93.0
567
367.0
561
493.0
1207
7002.0
563
117.0
1209
34.0
564
31.0
1626
131.0
1625
66.0
1629
34.0
1622
1536.0
1624
2490.0
1623
52.0
1617
395.0
1616
1019.0
1614
98.0
1619
74.0
1613
491.0
1611
223.0
1610
344.0
1644
36.0
1645
32.0
1641
35.0
798
11259.0
797
45.0
796
59.0
795
2331.0
794
90.0
997
1257.0
994
256.0
992
2314.0
1639
47.0
993
97.0
1637
407.0
1635
906.0
1634
697.0
1633
203.0
782
94.0
785
335.0
786
1267.0
787
491.0
788
941.0
789
21.0
1661
1522.0
1662
66.0
780
87.0
505
222.0
506
2826.0
503
175.0
504
57.0
774
105.0
507
219.0
778
20.0
779
219.0
1660
245.0
501
33.0
502
13970.0
1652
3144.0
1650
567.0
1657
352.0
1655
40.0
1658
891.0
764
43.0
765
2173.0
766
51.0
761
7762.0
769
155.0
753
21.0
758
97.0
1196
64108.0
1197
307.0
1193
505.0
1190
83.0
1579
289.0
1574
557.0
1576
71.0
1582
52.0
1583
53.0
1187
55.0
1184
174.0
1182
201.0
1589
24.0
1593
3031.0
1592
704.0
1590
375.0
1179
1733.0
1598
33.0
1597
38.0
1199
3664.0
1108
20.0
1396
800.0
1104
1663.0
1394
621.0
1391
2802.0
1102
6369.0
1390
14651.0
1389
83.0
1388
84.0
1382
1229.0
1384
235.0
1376
165.0
1377
16729.0
1124
896.0
1122
6239.0
1123
9669.0
1128
229.0
1129
224.0
1127
848.0
1131
39014.0
1130
695.0
594
867.0
391
130.0
597
284.0
596
422.0
390
368.0
393
572.0
392
711.0
598
854.0
395
729.0
1112
3775.0
1113
296.0
1114
361.0
1115
370.0
1116
957.0
1120
123.0
396
58.0
593
237.0
1351
1488.0
1146
309.0
1145
254.0
1144
644.0
384
98.0
381
894.0
389
31.0
387
123.0
386
34.0
1153
396.0
1344
60.0
1343
219.0
1138
71.0
1137
25.0
1341
29.0
1134
286.0
370
20.0
379
690.0
378
15575.0
377
36.0
1169
158.0
1167
2603.0
1372
37.0
1371
90.0
362
739.0
360
890.0
366
52.0
365
37.0
363
254.0
369
1309.0
1171
752.0
1366
1997.0
1172
1931.0
1170
68.0
1176
1137.0
1369
2085.0
1155
59.0
1157
153.0
356
967.0
359
13804.0
358
1942.0
1353
119.0
1354
2715.0
1355
1668.0
1357
3241.0
1163
1058.0
1164
38.0
804
26.0
805
24.0
1319
50.0
800
179.0
1317
1504.0
801
92.0
159
1851.0
158
192.0
1312
147.0
156
40.0
1311
27.0
155
62.0
601
358.0
152
3230.0
153
485.0
150
699.0
609
535.0
605
484.0
604
5539.0
603
295.0
202
30.0
204
301.0
205
86.0
1329
74.0
200
145.0
169
26.0
166
27.0
1320
92.0
207
777.0
1323
1013.0
168
267.0
208
33.0
161
451.0
408
10013.0
162
25.0
1330
175.0
406
681.0
211
67.0
825
84.0
823
40.0
215
1141.0
829
5925.0
216
276.0
826
2129.0
214
100.0
219
64.0
217
1774.0
176
45.0
218
168.0
820
88.0
418
2226.0
171
22.0
417
50.0
174
7477.0
172
37.0
627
224.0
626
1520.0
414
353.0
411
25.0
811
550.0
1306
35.0
221
135.0
1308
54.0
226
238.0
817
21.0
818
7558.0
187
2130.0
229
7520.0
1300
24.0
189
22.0
1303
248.0
1302
109.0
1305
126.0
810
53.0
1304
129.0
426
157.0
181
19936.0
182
92.0
612
569.0
186
192.0
611
108.0
614
95.0
809
30.0
423
2542.0
617
71.0
424
551.0
619
168.0
116
377.0
843
188.0
842
76.0
115
161.0
111
1356.0
849
54.0
848
535.0
436
24.0
433
1634.0
430
43.0
439
96.0
437
41.0
830
100.0
125
411.0
832
70.0
121
39.0
838
7606.0
837
413.0
445
137.0
440
1826.0
443
7475.0
120
93.0
861
2069.0
134
2903.0
138
97.0
136
20.0
137
1660.0
862
10176.0
868
24.0
452
85.0
457
767.0
455
120.0
456
1427.0
130
168.0
144
254.0
146
1330.0
852
231.0
854
491.0
853
219.0
857
713.0
460
270.0
462
34.0
465
210.0
466
36593.0
468
21.0
140
589.0
141
28.0
687
214.0
689
472.0
682
787.0
684
76.0
1525
1262.0
1524
388.0
888
932.0
889
4096.0
884
30.0
885
274.0
680
5114.0
887
31486.0
1526
30.0
1529
601.0
1528
1006.0
883
56.0
677
13302.0
675
52.0
673
2106.0
672
79.0
671
14497.0
1514
285.0
1513
22060.0
1511
706.0
878
394.0
875
283.0
876
303.0
670
3120.0
874
861.0
1517
686.0
870
31.0
1503
428.0
1505
123.0
1506
39.0
1509
47.0
695
643.0
694
27.0
890
14769.0
698
2554.0
893
329.0
891
312.0
892
20072.0
692
171.0
898
444.0
895
25.0
1570
1015.0
648
5052.0
195
374.0
642
28384.0
194
585.0
644
141.0
645
54.0
193
42.0
640
636.0
192
40.0
199
46.0
1569
291.0
1561
26.0
639
3069.0
636
562.0
630
683.0
1557
2394.0
1555
15340.0
1556
4054.0
1551
649.0
668
182.0
1550
140.0
660
532.0
1540
46.0
1541
40.0
1544
453.0
1547
2307.0
655
32.0
656
106.0
1537
36.0
1538
193.0
1530
221.0
1474
29.0
1090
632.0
35
191.0
1092
430.0
33
25.0
34
147.0
39
590.0
1099
266.0
37
673.0
38
67.0
1089
148.0
43
381.0
42
145.0
41
63.0
40
86.0
1480
3380.0
1488
29.0
1485
644.0
1080
250.0
1082
365.0
26
1161.0
1087
6370.0
27
37.0
1086
556.0
1085
26932.0
1079
2618.0
32
23.0
31
121.0
1490
220.0
1494
1955.0
1493
1154.0
1459
92.0
1458
2235.0
1453
337.0
1452
61.0
19
31.0
17
5248.0
1077
260.0
16
27.0
14
65.0
1073
236.0
12
114.0
1068
107.0
1460
54.0
1462
223.0
1466
315.0
1463
3965.0
1064
183.0
1058
247.0
1056
30.0
1057
511.0
1472
44.0
1470
115.0
1471
566.0
82
2552.0
81
342.0
84
875.0
67
22.0
72
12915.0
75
2087.0
76
261.0
59
152.0
58
160.0
55
23.0
1498
352.0
1499
3121.0
64
132.0
62
10707.0
63
1080.0
61
179.0
44
33.0
47
25.0
54
198.0
1292
63.0
1293
347.0
1002
70.0
1007
1129.0
1296
721.0
1297
95.0
1005
27.0
1006
102.0
281
128.0
280
1463.0
484
1491.0
285
1345.0
282
8200.0
288
2462.0
289
137.0
286
47.0
480
227.0
1288
39.0
1287
27648.0
1280
924.0
1281
4043.0
1285
44.0
473
369.0
476
28.0
270
95.0
475
72.0
271
82.0
477
59.0
274
1118.0
273
75.0
278
1001.0
470
3756.0
471
162.0
472
58.0
1279
420.0
1278
10501.0
1000
477.0
1273
888.0
106
402.0
103
735.0
1269
7789.0
1266
11102.0
1265
230.0
97
720.0
96
1586.0
1263
10593.0
95
35.0
1264
37.0
1260
119.0
294
30.0
296
1097.0
498
37.0
491
96.0
494
23.0
1259
109.0
1258
56.0
1255
1229.0
1256
2455.0
89
96.0
1047
39.0
1252
21.0
1050
539.0
1243
53.0
1249
45.0
1247
211.0
1053
51.0
245
325.0
244
166.0
246
46.0
1034
52.0
1039
61.0
1038
619.0
1232
125.0
1233
463.0
239
77.0
1236
98.0
1237
37.0
1238
33.0
1239
29677.0
1044
197.0
231
690.0
235
124.0
237
92.0
263
32.0
1231
568.0
1028
471.0
1027
110.0
1024
66.0
1228
64.0
1033
287.0
1030
286.0
1225
47.0
1031
1287.0
1224
26.0
269
121.0
268
55.0
266
115.0
1229
42.0
264
96.0
251
394.0
252
156.0
1017
174.0
1013
31.0
1214
124.0
1215
154.0
1216
42.0
1210
2779.0
1211
3724.0
1212
62.0
258
395.0
904
832.0
903
177.0
257
102.0
905
218.0
1219
403.0
253
40.0
901
439.0
