338
779.0
339
64.0
941
33.0
1415
29.0
942
115.0
1414
22.0
800
47.0
1412
27.0
1317
235.0
940
205.0
801
21.0
333
286.0
159
213.0
1417
2333.0
158
35.0
331
4492.0
944
4257.0
1312
32.0
152
1242.0
601
73.0
153
163.0
530
2318.0
150
61.0
745
37.0
609
64.0
537
44.0
536
43.0
744
25.0
605
65.0
743
1386.0
604
852.0
603
31.0
741
44.0
1422
145.0
1424
718.0
200
26.0
931
260.0
1425
41.0
933
24.0
168
27.0
1323
242.0
938
372.0
348
77.0
939
451.0
161
216.0
734
20.0
408
2760.0
737
113.0
1330
32.0
541
57.0
543
268.0
738
133.0
340
432.0
406
60.0
548
75.0
730
142.0
733
143.0
825
54.0
920
433.0
1435
84.0
1434
53.0
215
261.0
318
89.0
216
127.0
829
1422.0
1431
49.0
826
200.0
214
20.0
314
131.0
217
82.0
218
54.0
926
20.0
313
27.0
310
29.0
820
42.0
924
116.0
311
89.0
418
921.0
513
245.0
417
22.0
729
331.0
726
24.0
174
383.0
723
49.0
627
25.0
626
119.0
414
118.0
516
79.0
629
20.0
411
31.0
514
171.0
1446
72.0
811
67.0
327
169.0
1441
56.0
328
96.0
818
815.0
229
411.0
187
411.0
910
47.0
1305
22.0
1304
115.0
521
181.0
181
1210.0
182
106.0
713
111.0
712
267.0
612
52.0
614
33.0
711
162.0
423
50.0
525
21.0
424
67.0
116
70.0
989
24.0
111
274.0
981
36.0
980
1015.0
849
34.0
848
89.0
986
24.0
985
37.0
984
53.0
433
229.0
430
39.0
575
1270.0
701
85.0
439
31.0
578
377.0
125
130.0
300
57.0
978
739.0
580
50.0
302
276.0
581
25.0
303
63.0
838
1007.0
307
1185.0
970
55.0
440
124.0
443
443.0
134
56.0
861
270.0
1600
24.0
137
353.0
862
571.0
963
52.0
1605
25.0
1606
143.0
1604
4246.0
457
418.0
455
31.0
456
87.0
555
59.0
130
51.0
1409
599.0
959
85.0
144
20.0
958
375.0
560
42.0
146
190.0
954
3850.0
854
62.0
1407
69.0
853
49.0
1401
148.0
1402
208.0
857
39.0
952
270.0
460
55.0
1400
37.0
462
44.0
1206
1590.0
1205
22.0
465
25.0
466
3751.0
1202
1278.0
140
30.0
561
41.0
1207
1567.0
564
48.0
1209
20.0
687
30.0
689
33.0
682
169.0
684
47.0
1626
30.0
1525
314.0
1524
44.0
888
22.0
889
482.0
885
50.0
680
209.0
887
4439.0
1622
265.0
1624
336.0
1529
567.0
1528
135.0
677
3666.0
675
44.0
673
641.0
671
3346.0
1514
65.0
1617
122.0
1513
1187.0
1616
175.0
1511
95.0
878
135.0
670
1118.0
876
58.0
874
433.0
1613
42.0
1517
101.0
1610
106.0
1501
20.0
1503
103.0
1506
56.0
1509
91.0
695
22.0
890
1060.0
698
1380.0
798
702.0
795
111.0
794
34.0
997
117.0
994
59.0
992
182.0
1637
120.0
893
71.0
1635
57.0
1634
35.0
892
1026.0
692
20.0
898
30.0
1570
47.0
782
42.0
785
20.0
786
413.0
648
287.0
788
179.0
642
2578.0
195
184.0
194
64.0
644
70.0
645
30.0
640
344.0
1661
232.0
1662
104.0
199
22.0
780
32.0
505
25.0
506
201.0
503
36.0
639
521.0
507
94.0
636
67.0
779
94.0
502
873.0
630
109.0
1652
2516.0
1650
394.0
1657
178.0
1557
959.0
1658
219.0
1555
3177.0
1556
404.0
1551
130.0
668
20.0
765
369.0
1550
35.0
761
591.0
660
25.0
769
20.0
1541
22.0
1544
112.0
1547
907.0
758
20.0
656
40.0
1538
124.0
1530
27.0
1196
3348.0
1197
66.0
1193
40.0
35
32.0
1092
220.0
34
60.0
39
69.0
1574
43.0
1099
212.0
37
27.0
38
20.0
43
45.0
41
30.0
40
22.0
1480
370.0
1184
105.0
1485
55.0
1080
72.0
1182
35.0
1082
50.0
26
336.0
1087
339.0
1086
24.0
1085
1878.0
1593
621.0
1594
22.0
1079
244.0
1592
77.0
1590
82.0
31
33.0
1179
554.0
1494
112.0
1458
354.0
1452
20.0
17
265.0
1598
22.0
1073
20.0
1068
21.0
1460
20.0
1463
496.0
1058
45.0
1056
88.0
1472
39.0
1199
127.0
1470
84.0
1471
21.0
82
613.0
81
76.0
84
214.0
72
803.0
75
65.0
76
30.0
59
25.0
58
27.0
1498
123.0
1499
586.0
62
3314.0
63
131.0
61
27.0
1292
24.0
1293
43.0
1002
39.0
1296
435.0
1007
76.0
1006
25.0
280
625.0
1396
293.0
1104
401.0
484
44.0
1394
265.0
1391
530.0
285
369.0
1102
747.0
1390
954.0
282
326.0
288
329.0
289
31.0
1389
57.0
1388
31.0
480
30.0
1287
1133.0
1280
382.0
1281
977.0
1382
246.0
473
41.0
1384
60.0
270
21.0
475
47.0
274
88.0
278
260.0
1376
24.0
470
223.0
472
35.0
1377
945.0
1278
1617.0
1000
47.0
1273
133.0
1124
139.0
1122
453.0
1123
683.0
1128
25.0
1129
38.0
1127
61.0
1131
2314.0
1130
75.0
103
79.0
1269
1097.0
1266
2469.0
1265
115.0
97
334.0
594
249.0
1263
1383.0
96
275.0
1264
47.0
390
54.0
596
20.0
393
155.0
392
25.0
598
151.0
395
144.0
1260
34.0
1112
231.0
1113
84.0
296
319.0
1114
42.0
1115
37.0
1116
84.0
1120
88.0
1259
46.0
1258
40.0
1255
67.0
1256
205.0
1351
672.0
1145
25.0
1144
92.0
1047
24.0
381
143.0
1050
84.0
389
25.0
1247
51.0
1153
206.0
245
113.0
244
98.0
1138
20.0
1034
23.0
1232
29.0
379
116.0
378
1236.0
1233
22.0
1236
24.0
1238
20.0
1239
2699.0
231
42.0
1167
630.0
1231
77.0
1028
228.0
1027
30.0
362
125.0
360
136.0
366
22.0
1033
56.0
1030
215.0
363
72.0
1031
238.0
369
103.0
1171
65.0
1366
74.0
1172
184.0
269
22.0
1170
25.0
1176
27.0
1369
239.0
1155
20.0
251
117.0
1157
35.0
252
63.0
1017
37.0
1214
27.0
1020
22.0
1215
20.0
1210
204.0
1211
1435.0
356
237.0
1212
28.0
359
665.0
358
100.0
258
75.0
904
178.0
257
55.0
1354
1986.0
1355
360.0
1357
334.0
253
57.0
1219
61.0
1163
229.0
901
78.0
