338
34.0
942
25.0
1317
44.0
333
103.0
1417
476.0
159
118.0
331
1234.0
944
939.0
152
122.0
530
609.0
604
165.0
743
360.0
1424
210.0
931
29.0
933
24.0
1323
24.0
938
150.0
939
77.0
408
461.0
737
22.0
1330
24.0
738
21.0
543
78.0
548
29.0
730
58.0
733
21.0
920
84.0
1434
30.0
318
34.0
215
66.0
829
339.0
826
27.0
314
22.0
418
38.0
513
34.0
729
66.0
174
72.0
626
44.0
514
26.0
327
50.0
818
237.0
187
103.0
229
153.0
910
28.0
1304
24.0
521
20.0
181
296.0
712
39.0
711
32.0
525
25.0
111
90.0
980
222.0
433
97.0
575
210.0
701
27.0
578
27.0
577
24.0
302
72.0
838
139.0
307
80.0
443
226.0
134
24.0
861
54.0
137
54.0
862
51.0
1604
1046.0
1409
208.0
959
22.0
958
59.0
146
57.0
954
106.0
1401
48.0
1402
46.0
952
87.0
1206
291.0
466
706.0
1202
255.0
1207
307.0
1626
42.0
1525
89.0
889
124.0
680
81.0
887
1251.0
1624
41.0
1529
174.0
677
754.0
673
201.0
671
849.0
1513
266.0
1616
64.0
1511
40.0
878
35.0
670
93.0
874
21.0
890
240.0
698
83.0
798
143.0
997
21.0
892
213.0
786
25.0
648
86.0
788
72.0
642
503.0
195
38.0
644
30.0
1661
123.0
639
165.0
779
29.0
630
24.0
502
115.0
1652
120.0
1650
45.0
1657
68.0
1557
25.0
1658
48.0
1555
939.0
1556
33.0
765
35.0
761
102.0
1547
25.0
655
22.0
1538
26.0
1196
766.0
1090
50.0
1092
30.0
1574
49.0
1480
134.0
1485
21.0
26
51.0
1087
52.0
1085
420.0
1593
118.0
1079
32.0
1590
20.0
1179
112.0
1458
126.0
17
57.0
1463
64.0
1199
57.0
82
154.0
81
22.0
84
30.0
72
180.0
1499
156.0
62
288.0
63
36.0
1293
25.0
1002
38.0
1007
28.0
1296
22.0
280
95.0
1396
112.0
1104
128.0
1391
149.0
1102
204.0
282
105.0
1390
103.0
288
40.0
1287
327.0
1280
64.0
1281
69.0
1382
67.0
278
50.0
470
32.0
1377
199.0
1278
401.0
1124
29.0
1122
51.0
1123
138.0
1127
20.0
1131
472.0
1269
102.0
1266
151.0
1265
52.0
594
41.0
97
30.0
1263
353.0
96
62.0
598
37.0
1112
40.0
296
79.0
1255
20.0
1256
75.0
1351
21.0
381
36.0
1050
36.0
1153
62.0
244
34.0
1138
25.0
379
35.0
378
238.0
1239
607.0
1167
68.0
1033
28.0
1030
37.0
1031
39.0
1366
42.0
1369
61.0
251
76.0
1210
63.0
1211
378.0
356
25.0
359
99.0
904
57.0
258
37.0
257
38.0
1354
79.0
1355
71.0
1357
120.0
1163
38.0
901
20.0
