338
3391.0
339
655.0
941
762.0
1415
30.0
942
323.0
1414
95.0
1413
57.0
1412
159.0
940
525.0
1419
53.0
333
1485.0
1418
22.0
1417
5099.0
331
15285.0
944
20386.0
748
28.0
530
26616.0
746
114.0
745
417.0
532
118.0
539
26.0
538
49.0
537
628.0
536
41.0
744
61.0
743
3984.0
741
187.0
1420
32.0
1422
840.0
1424
4489.0
1425
360.0
931
2006.0
341
20.0
933
33.0
934
140.0
938
2293.0
939
1462.0
348
88.0
734
345.0
929
241.0
2
36.0
737
1059.0
542
108.0
541
111.0
738
1045.0
543
2788.0
6
26.0
5
98.0
340
4354.0
548
158.0
547
36.0
9
115.0
730
608.0
733
583.0
920
1822.0
1435
1511.0
1434
1088.0
318
237.0
1431
317.0
314
431.0
313
24.0
926
119.0
310
162.0
311
862.0
924
161.0
1438
70.0
513
2028.0
729
2164.0
727
80.0
510
82.0
726
609.0
724
101.0
723
186.0
722
87.0
516
209.0
514
627.0
1446
458.0
1448
44.0
327
501.0
328
1430.0
1441
380.0
1443
48.0
914
58.0
910
221.0
321
329.0
717
160.0
521
2133.0
718
126.0
713
925.0
712
1944.0
715
105.0
909
112.0
711
890.0
525
60.0
989
39.0
571
42.0
981
296.0
980
4654.0
986
954.0
985
284.0
984
370.0
574
177.0
703
52.0
575
12640.0
701
1054.0
578
3170.0
579
203.0
577
266.0
300
232.0
978
3731.0
302
1278.0
580
162.0
303
376.0
581
80.0
308
98.0
307
6097.0
970
60.0
583
31.0
1600
421.0
969
112.0
968
322.0
963
99.0
1608
41.0
961
27.0
1605
29.0
1606
1831.0
1604
22518.0
558
107.0
555
299.0
553
187.0
550
84.0
551
185.0
1409
1747.0
959
317.0
958
3791.0
560
129.0
954
17407.0
1407
582.0
1401
1105.0
1402
1193.0
1403
42.0
952
2522.0
1400
925.0
1206
16878.0
1205
259.0
1202
5341.0
565
99.0
567
349.0
561
338.0
1207
4802.0
563
47.0
1209
134.0
564
190.0
1626
123.0
1625
95.0
1629
30.0
1622
2108.0
1624
2031.0
1623
25.0
1617
426.0
1616
577.0
1614
20.0
1619
152.0
1613
494.0
1611
122.0
1610
851.0
1644
22.0
1643
69.0
1645
45.0
1641
29.0
798
6113.0
796
89.0
795
902.0
794
61.0
790
30.0
997
1546.0
994
449.0
992
2736.0
1639
54.0
993
74.0
1637
735.0
1635
443.0
1634
316.0
1633
249.0
782
170.0
785
174.0
786
2079.0
787
611.0
788
554.0
1670
209.0
1661
936.0
1662
362.0
780
232.0
505
262.0
506
2806.0
503
381.0
770
20.0
504
74.0
777
28.0
774
53.0
507
162.0
778
45.0
779
218.0
1660
227.0
501
23.0
502
9038.0
1652
7540.0
1650
897.0
1657
498.0
1655
36.0
1658
872.0
764
27.0
765
2631.0
766
143.0
760
20.0
761
4670.0
769
177.0
753
20.0
758
224.0
1196
38228.0
1197
651.0
1193
326.0
1190
97.0
1579
315.0
1574
273.0
1576
79.0
1582
52.0
1583
48.0
1187
85.0
1184
278.0
1183
25.0
1182
179.0
1589
25.0
1593
1798.0
1594
56.0
1592
793.0
1590
847.0
1179
1963.0
1598
59.0
1597
32.0
1199
1565.0
1396
823.0
1107
21.0
1104
1306.0
1394
1299.0
1102
3831.0
1391
1327.0
1100
40.0
1390
9128.0
1389
313.0
1388
57.0
1382
622.0
1384
331.0
1376
219.0
1378
30.0
1377
10434.0
1124
844.0
1122
3073.0
1123
5056.0
1128
296.0
1129
136.0
1127
1349.0
1131
21201.0
1130
820.0
594
870.0
597
223.0
391
129.0
390
355.0
596
379.0
393
1420.0
598
1125.0
392
338.0
395
687.0
1112
2136.0
1113
162.0
1114
391.0
1115
525.0
1116
1035.0
1120
454.0
593
287.0
1351
3494.0
1146
261.0
1145
307.0
1144
395.0
384
125.0
381
824.0
389
136.0
387
209.0
386
48.0
1153
409.0
1344
20.0
1343
47.0
1138
91.0
1137
27.0
1341
43.0
1134
279.0
370
35.0
379
506.0
378
11352.0
377
40.0
1141
28.0
1331
22.0
1332
39.0
1169
171.0
1167
4546.0
1372
22.0
1371
61.0
362
978.0
360
1153.0
366
122.0
365
23.0
363
190.0
369
1235.0
368
20.0
1366
972.0
1171
888.0
1172
1929.0
1170
120.0
1176
446.0
1369
1704.0
1155
96.0
1157
210.0
1159
49.0
356
1462.0
359
7090.0
358
1433.0
1353
114.0
1354
8220.0
1355
930.0
1357
2001.0
1163
1843.0
1164
44.0
807
39.0
805
49.0
1319
24.0
803
30.0
800
139.0
1317
2170.0
801
104.0
159
979.0
158
373.0
156
77.0
155
35.0
154
24.0
152
7025.0
601
276.0
153
935.0
150
386.0
609
331.0
605
553.0
604
3227.0
603
201.0
202
35.0
204
292.0
205
103.0
1329
111.0
200
73.0
169
55.0
166
30.0
1321
20.0
1320
129.0
207
312.0
1323
1791.0
168
128.0
208
66.0
161
940.0
408
7885.0
162
60.0
1330
212.0
404
34.0
406
524.0
211
138.0
825
82.0
215
890.0
829
4324.0
216
930.0
826
1242.0
214
102.0
219
94.0
217
929.0
218
144.0
176
39.0
820
135.0
418
3794.0
417
48.0
174
4896.0
172
55.0
627
192.0
626
790.0
414
320.0
629
25.0
411
101.0
811
511.0
1306
76.0
221
112.0
1308
42.0
224
61.0
816
105.0
226
232.0
818
4954.0
187
1294.0
229
4453.0
189
24.0
1300
22.0
1303
229.0
1302
70.0
1305
221.0
1304
224.0
810
126.0
426
57.0
181
13766.0
182
89.0
612
886.0
186
284.0
611
41.0
614
78.0
423
1008.0
617
81.0
424
510.0
619
96.0
116
616.0
843
187.0
842
139.0
114
40.0
115
145.0
111
876.0
849
155.0
848
404.0
436
22.0
433
709.0
430
116.0
439
86.0
437
49.0
125
315.0
830
195.0
832
79.0
121
122.0
838
4123.0
837
163.0
445
108.0
446
22.0
440
1335.0
443
4255.0
120
59.0
448
84.0
134
1169.0
861
1047.0
138
49.0
136
20.0
137
2739.0
862
8101.0
868
44.0
452
40.0
457
1935.0
455
115.0
456
1104.0
130
186.0
144
301.0
146
568.0
852
331.0
854
343.0
853
185.0
857
332.0
460
555.0
462
35.0
465
223.0
466
23272.0
468
20.0
140
920.0
142
21.0
141
49.0
687
137.0
689
205.0
682
1199.0
684
45.0
1525
1405.0
1524
258.0
888
541.0
889
4395.0
884
50.0
885
271.0
680
3147.0
887
25395.0
1526
39.0
882
25.0
1529
780.0
883
77.0
1528
745.0
677
9240.0
675
25.0
673
1474.0
672
75.0
671
11192.0
1514
663.0
1513
11483.0
1512
28.0
1511
539.0
878
271.0
875
280.0
670
6521.0
876
593.0
874
2301.0
1517
433.0
870
65.0
1501
50.0
1503
670.0
1505
93.0
1504
42.0
1506
140.0
1509
119.0
695
411.0
694
34.0
890
10558.0
699
51.0
698
6744.0
893
78.0
894
23.0
891
116.0
892
11032.0
898
237.0
692
192.0
895
54.0
1570
859.0
648
2627.0
642
20765.0
195
582.0
194
906.0
644
157.0
196
26.0
645
29.0
193
51.0
640
1846.0
641
20.0
192
24.0
199
57.0
1569
171.0
639
2968.0
636
593.0
630
246.0
1557
5371.0
1555
10175.0
1556
5115.0
1551
1790.0
668
175.0
1550
236.0
660
420.0
1540
57.0
1541
20.0
1544
750.0
1547
4609.0
655
34.0
656
155.0
1537
59.0
1538
207.0
1530
358.0
1536
39.0
1474
37.0
1090
384.0
35
90.0
1092
449.0
34
218.0
39
822.0
37
526.0
1099
702.0
38
77.0
1098
63.0
1089
209.0
43
610.0
42
165.0
41
148.0
40
186.0
1480
1828.0
1483
45.0
1488
36.0
1485
327.0
1080
649.0
1489
27.0
1082
107.0
26
1177.0
1087
3209.0
1086
422.0
1085
15757.0
1079
2600.0
30
57.0
32
29.0
31
116.0
1490
51.0
1494
1723.0
1493
199.0
1459
57.0
1458
1348.0
1453
323.0
1452
227.0
17
3369.0
1077
68.0
16
79.0
14
96.0
1073
197.0
12
137.0
20
39.0
1068
110.0
1460
81.0
1462
206.0
1466
144.0
1463
1869.0
1058
604.0
1056
292.0
1057
158.0
1472
28.0
1470
345.0
1471
522.0
82
1292.0
81
690.0
84
1710.0
67
84.0
72
8989.0
75
965.0
76
338.0
59
226.0
58
149.0
55
56.0
1498
671.0
1499
2121.0
64
148.0
62
19650.0
63
663.0
61
218.0
44
23.0
47
38.0
53
40.0
54
226.0
1292
93.0
1293
454.0
1001
21.0
1002
47.0
1296
1995.0
1007
1103.0
1297
118.0
1006
92.0
281
194.0
280
1247.0
484
593.0
285
2965.0
282
3670.0
288
3756.0
289
259.0
286
25.0
480
203.0
1288
87.0
1287
12133.0
1280
966.0
1281
6349.0
473
166.0
476
25.0
270
73.0
475
135.0
271
198.0
477
124.0
274
1491.0
278
1051.0
470
1663.0
471
72.0
472
94.0
1279
498.0
1278
7117.0
1000
241.0
1273
587.0
1270
22.0
106
202.0
103
763.0
1269
9925.0
1267
22.0
1266
16301.0
1265
223.0
1262
20.0
97
2133.0
1263
9677.0
96
1205.0
1260
242.0
296
685.0
498
40.0
491
110.0
492
22.0
494
20.0
1259
172.0
1258
191.0
1255
1092.0
1256
1925.0
89
226.0
1047
51.0
1252
34.0
1050
364.0
1243
95.0
1249
57.0
1247
316.0
1053
41.0
245
442.0
244
92.0
246
35.0
1034
68.0
1038
134.0
1232
170.0
1233
324.0
239
68.0
1236
208.0
1238
161.0
1044
146.0
1239
20833.0
231
402.0
236
58.0
235
53.0
237
119.0
263
67.0
1231
514.0
1028
1421.0
1027
352.0
1024
45.0
1033
346.0
1228
23.0
1030
327.0
1225
82.0
1031
733.0
1221
34.0
269
95.0
268
86.0
266
196.0
1229
25.0
264
27.0
251
310.0
252
279.0
1017
345.0
1014
32.0
1214
85.0
1215
205.0
1020
76.0
1210
1844.0
1211
2923.0
1212
130.0
258
193.0
904
459.0
257
126.0
903
47.0
905
198.0
1219
402.0
253
70.0
901
1031.0
