338
1831.0
339
295.0
1415
30.0
941
180.0
942
211.0
1414
48.0
1413
64.0
1412
91.0
940
123.0
1419
27.0
333
807.0
1417
2551.0
331
7807.0
944
11330.0
530
13507.0
745
221.0
532
29.0
538
20.0
537
178.0
536
37.0
744
22.0
743
2266.0
741
115.0
1420
90.0
1422
292.0
1424
3010.0
931
1375.0
1425
144.0
934
59.0
938
1387.0
939
629.0
348
36.0
734
108.0
929
38.0
737
617.0
542
47.0
541
74.0
738
358.0
543
1329.0
340
1422.0
5
43.0
548
69.0
9
153.0
730
322.0
733
416.0
920
889.0
1435
267.0
1434
177.0
318
140.0
1431
135.0
314
196.0
926
106.0
310
62.0
924
77.0
311
224.0
1438
39.0
513
1262.0
729
936.0
510
42.0
727
25.0
726
109.0
723
120.0
516
228.0
514
428.0
1446
58.0
327
239.0
328
349.0
1441
294.0
1443
39.0
914
37.0
910
77.0
321
132.0
717
51.0
521
489.0
718
30.0
713
587.0
712
1284.0
715
20.0
909
34.0
711
506.0
989
25.0
981
117.0
980
2318.0
986
197.0
985
86.0
984
215.0
574
35.0
703
20.0
575
6344.0
701
455.0
578
1043.0
579
66.0
577
56.0
300
101.0
978
3254.0
302
680.0
580
38.0
303
99.0
308
25.0
307
5681.0
970
59.0
589
20.0
969
26.0
1600
320.0
968
57.0
963
77.0
961
20.0
1606
366.0
1604
11648.0
558
30.0
555
141.0
553
53.0
551
89.0
1409
1078.0
959
116.0
958
2377.0
560
27.0
954
16647.0
1407
165.0
1401
516.0
1402
647.0
1403
44.0
952
1345.0
1400
210.0
1206
10295.0
1205
85.0
1202
2899.0
565
40.0
567
79.0
561
68.0
1207
2318.0
1209
37.0
564
114.0
1626
88.0
1625
27.0
1629
63.0
1622
501.0
1624
1091.0
1617
174.0
1616
272.0
1619
101.0
1613
104.0
1611
42.0
1610
337.0
1644
24.0
1643
34.0
799
20.0
798
3369.0
795
379.0
794
77.0
997
428.0
994
171.0
992
538.0
1639
20.0
993
25.0
1637
228.0
1635
206.0
1634
153.0
1633
63.0
782
138.0
785
132.0
786
1310.0
787
114.0
788
236.0
1670
34.0
1661
460.0
1662
349.0
780
95.0
505
37.0
506
595.0
503
92.0
507
82.0
774
20.0
779
113.0
1660
95.0
502
5497.0
1652
9093.0
1650
453.0
1657
244.0
1658
458.0
765
562.0
766
33.0
761
3120.0
769
60.0
758
61.0
1196
23975.0
1197
176.0
1193
128.0
1190
80.0
1579
57.0
1574
124.0
1576
22.0
1582
44.0
1583
30.0
1187
30.0
1184
236.0
1182
79.0
1593
906.0
1594
47.0
1592
328.0
1590
330.0
1179
1380.0
1598
118.0
1597
20.0
1199
997.0
1396
403.0
1104
607.0
1394
1030.0
1102
1943.0
1391
873.0
1390
4610.0
1389
161.0
1388
28.0
1382
223.0
1384
152.0
1376
54.0
1378
22.0
1377
5343.0
1124
319.0
1122
1764.0
1123
3131.0
1128
101.0
1129
60.0
1127
340.0
1131
11322.0
1130
231.0
594
903.0
597
53.0
390
91.0
596
82.0
393
332.0
598
324.0
392
155.0
395
326.0
1112
1409.0
1113
58.0
1114
108.0
1115
100.0
1116
212.0
1399
44.0
1120
347.0
593
69.0
1351
2295.0
1146
29.0
1145
94.0
1144
222.0
384
21.0
381
304.0
389
87.0
386
71.0
1153
202.0
1138
39.0
1134
91.0
370
30.0
379
283.0
378
7410.0
377
42.0
1169
73.0
1167
1915.0
362
313.0
360
332.0
366
28.0
365
24.0
363
109.0
369
320.0
1366
513.0
1171
192.0
1172
615.0
1170
58.0
1176
187.0
1369
1119.0
1155
40.0
1157
53.0
1159
56.0
356
346.0
359
3684.0
358
344.0
1353
71.0
1354
8995.0
1355
391.0
1357
1244.0
1163
496.0
805
42.0
802
22.0
800
112.0
1317
696.0
801
33.0
159
434.0
158
87.0
1312
27.0
156
31.0
154
24.0
152
4756.0
601
238.0
153
399.0
150
155.0
609
161.0
605
169.0
604
1572.0
603
118.0
204
29.0
205
22.0
1329
27.0
200
40.0
1320
60.0
207
74.0
1323
1271.0
208
38.0
168
32.0
161
1114.0
408
3897.0
162
115.0
1330
205.0
406
259.0
211
46.0
825
20.0
215
423.0
829
2484.0
216
432.0
826
708.0
214
94.0
219
31.0
217
437.0
218
141.0
176
27.0
820
109.0
418
1316.0
417
20.0
174
3011.0
175
25.0
172
35.0
627
74.0
626
434.0
414
212.0
411
36.0
811
191.0
1306
40.0
1308
31.0
816
47.0
226
42.0
818
2087.0
187
634.0
229
2941.0
1303
126.0
1302
77.0
1305
89.0
1304
171.0
810
44.0
426
29.0
181
8610.0
182
41.0
612
116.0
186
43.0
611
46.0
809
27.0
614
53.0
423
379.0
424
121.0
619
58.0
843
113.0
116
218.0
842
59.0
115
87.0
111
479.0
849
68.0
848
246.0
433
383.0
430
46.0
439
42.0
125
209.0
830
53.0
832
34.0
121
24.0
838
2220.0
837
141.0
445
104.0
440
379.0
443
2828.0
120
20.0
448
34.0
134
460.0
861
389.0
137
723.0
862
1848.0
868
66.0
452
40.0
457
1808.0
455
85.0
456
594.0
130
72.0
144
112.0
146
218.0
852
82.0
854
252.0
853
148.0
857
172.0
460
269.0
465
68.0
466
13148.0
140
197.0
141
29.0
687
44.0
689
43.0
682
448.0
684
39.0
1525
794.0
1524
90.0
888
240.0
889
2588.0
885
46.0
680
1722.0
887
12095.0
1529
420.0
1528
262.0
677
4793.0
675
21.0
673
767.0
672
33.0
671
5514.0
1514
133.0
1513
6143.0
1511
483.0
878
214.0
875
87.0
670
4462.0
876
252.0
874
1653.0
1517
217.0
870
20.0
1503
213.0
1505
34.0
1504
20.0
1506
114.0
1509
97.0
695
299.0
890
6447.0
699
35.0
698
5355.0
893
62.0
894
20.0
891
73.0
892
6178.0
692
25.0
898
57.0
895
32.0
1570
183.0
648
1139.0
195
223.0
642
11896.0
194
249.0
644
71.0
645
22.0
640
882.0
641
22.0
1569
48.0
639
1862.0
636
299.0
630
112.0
1557
4140.0
1555
4876.0
1556
1400.0
1551
593.0
668
45.0
1550
74.0
660
136.0
1540
22.0
1541
25.0
1543
20.0
1544
278.0
1547
4110.0
656
66.0
1537
56.0
1538
135.0
1530
80.0
1474
31.0
1090
194.0
35
79.0
1092
261.0
34
138.0
39
219.0
1099
421.0
37
83.0
1098
29.0
38
35.0
1089
49.0
43
379.0
42
59.0
41
46.0
40
49.0
1480
816.0
1483
20.0
1488
39.0
1485
202.0
1080
155.0
1082
47.0
26
599.0
1087
1531.0
1086
142.0
1085
8201.0
1079
562.0
31
132.0
1494
424.0
1493
38.0
1458
660.0
1453
63.0
1452
122.0
17
1894.0
16
42.0
1073
114.0
12
40.0
1068
109.0
1460
57.0
1462
62.0
1466
50.0
1463
737.0
1058
154.0
1056
140.0
1057
60.0
1470
299.0
1471
158.0
82
493.0
81
229.0
84
398.0
72
5903.0
75
503.0
76
70.0
59
32.0
58
99.0
1498
248.0
1499
925.0
64
37.0
62
12014.0
63
404.0
61
101.0
44
39.0
53
20.0
54
77.0
1292
31.0
1293
369.0
1002
113.0
1296
1588.0
1007
226.0
1297
22.0
1006
63.0
281
47.0
280
602.0
484
312.0
285
1082.0
282
2132.0
288
951.0
289
56.0
286
20.0
1288
37.0
1287
6782.0
1280
804.0
1281
3325.0
473
118.0
270
45.0
475
108.0
477
39.0
271
140.0
274
389.0
278
516.0
470
826.0
471
39.0
472
90.0
1279
243.0
1278
3252.0
1000
122.0
1273
246.0
106
86.0
103
389.0
1269
2310.0
1266
9116.0
1265
93.0
97
1986.0
96
677.0
1263
4990.0
95
22.0
1260
129.0
296
464.0
491
34.0
1259
118.0
1258
87.0
1255
217.0
1256
1475.0
89
25.0
1047
89.0
1050
216.0
1243
22.0
1247
95.0
245
444.0
244
52.0
246
24.0
1034
52.0
1038
33.0
1232
61.0
1233
122.0
1236
46.0
1238
60.0
1239
13920.0
1044
30.0
231
125.0
236
30.0
235
39.0
263
20.0
1231
124.0
1028
1187.0
1027
153.0
1024
33.0
1033
197.0
1030
188.0
1031
356.0
269
22.0
268
29.0
266
113.0
264
40.0
251
211.0
252
189.0
1017
104.0
1214
30.0
1020
20.0
1215
44.0
1210
1111.0
1211
1659.0
1212
155.0
904
184.0
258
91.0
257
67.0
905
47.0
1219
204.0
253
75.0
901
305.0
