338
799.0
339
360.0
942
179.0
1414
20.0
1412
80.0
940
121.0
1419
48.0
333
658.0
1417
1883.0
331
7794.0
944
9972.0
530
13339.0
745
275.0
537
24.0
743
2385.0
741
200.0
1420
131.0
1422
48.0
1424
2994.0
1423
20.0
931
1170.0
1425
49.0
933
20.0
938
1755.0
939
505.0
734
204.0
737
644.0
541
118.0
543
1497.0
738
91.0
340
363.0
548
75.0
9
52.0
730
381.0
733
528.0
920
619.0
1435
33.0
1434
21.0
318
101.0
1431
31.0
314
223.0
926
101.0
311
50.0
924
69.0
1438
54.0
513
1278.0
729
806.0
510
21.0
726
37.0
516
123.0
514
381.0
1446
42.0
327
234.0
328
42.0
1441
219.0
914
48.0
910
42.0
521
85.0
713
744.0
712
1306.0
715
72.0
909
22.0
711
778.0
980
2139.0
986
22.0
984
250.0
703
32.0
575
5998.0
701
485.0
578
369.0
577
51.0
706
20.0
300
68.0
978
1440.0
580
67.0
302
567.0
308
22.0
307
2806.0
970
39.0
1600
82.0
963
31.0
1605
27.0
1606
85.0
1604
10835.0
555
123.0
553
32.0
551
20.0
1409
864.0
959
129.0
958
2554.0
560
79.0
954
7132.0
1407
67.0
1401
666.0
1402
578.0
1403
27.0
952
1196.0
1400
36.0
1206
11091.0
1205
32.0
1202
2525.0
1207
2458.0
1626
43.0
1629
33.0
1622
153.0
1624
1427.0
1617
136.0
1616
349.0
1619
20.0
1612
35.0
1611
48.0
1610
118.0
1643
20.0
798
3159.0
795
490.0
794
44.0
997
72.0
994
49.0
992
55.0
1637
56.0
1635
281.0
1634
165.0
1633
20.0
781
32.0
782
30.0
785
81.0
786
552.0
787
24.0
788
183.0
1670
40.0
1661
715.0
1662
80.0
780
40.0
506
54.0
507
89.0
774
22.0
778
42.0
779
96.0
502
5900.0
1652
3965.0
1650
306.0
1657
158.0
1655
34.0
1658
359.0
765
182.0
761
3470.0
758
50.0
1196
27561.0
1197
72.0
1193
30.0
1190
70.0
1574
248.0
1582
67.0
1184
152.0
1182
47.0
1593
740.0
1592
53.0
1590
50.0
1179
1070.0
1598
42.0
1199
594.0
1396
329.0
1104
635.0
1394
313.0
1102
2682.0
1391
871.0
1390
4942.0
1389
25.0
1382
365.0
1384
30.0
1377
5262.0
1124
248.0
1122
2144.0
1123
3709.0
1128
27.0
1129
69.0
1127
149.0
1131
11177.0
1130
70.0
594
498.0
596
20.0
393
37.0
392
137.0
598
59.0
395
206.0
1112
1787.0
1113
82.0
1114
30.0
1116
56.0
1120
106.0
1351
895.0
1144
268.0
381
321.0
389
29.0
386
69.0
1153
127.0
1344
32.0
1138
29.0
1134
30.0
379
281.0
378
6408.0
1332
30.0
1169
63.0
1167
680.0
1371
22.0
362
91.0
360
86.0
363
61.0
369
66.0
1366
524.0
1171
95.0
1172
38.0
1170
40.0
1176
217.0
1369
1437.0
1155
25.0
1159
60.0
356
83.0
359
4206.0
358
25.0
1353
96.0
1354
4369.0
1355
368.0
1357
1282.0
1163
84.0
800
69.0
1317
194.0
159
488.0
1312
22.0
601
475.0
152
1394.0
153
112.0
150
213.0
609
209.0
605
55.0
604
1477.0
603
158.0
205
40.0
200
29.0
1320
54.0
207
98.0
168
33.0
1323
438.0
161
411.0
408
3370.0
1330
312.0
406
248.0
211
45.0
825
22.0
215
428.0
216
96.0
829
3266.0
826
804.0
214
126.0
217
609.0
218
49.0
820
62.0
418
395.0
171
36.0
174
3522.0
626
378.0
414
104.0
411
38.0
811
127.0
1306
20.0
1308
34.0
818
1707.0
188
20.0
187
1150.0
229
3692.0
1303
111.0
1302
53.0
1305
37.0
1304
126.0
426
101.0
181
9564.0
611
24.0
186
32.0
614
38.0
423
311.0
619
72.0
424
41.0
116
51.0
843
24.0
842
27.0
115
142.0
111
374.0
848
148.0
433
505.0
430
58.0
125
175.0
838
2075.0
837
126.0
445
89.0
440
168.0
443
3295.0
448
22.0
861
351.0
134
495.0
862
296.0
137
157.0
452
40.0
457
692.0
455
80.0
456
393.0
130
82.0
146
312.0
854
123.0
853
232.0
857
190.0
460
55.0
465
33.0
466
14290.0
140
89.0
687
69.0
689
123.0
682
251.0
684
30.0
1525
793.0
1524
27.0
888
223.0
889
2974.0
680
2186.0
887
11041.0
1529
292.0
1528
171.0
677
4853.0
675
20.0
673
619.0
672
35.0
671
5743.0
1514
37.0
1513
6012.0
1511
431.0
878
193.0
876
56.0
670
1859.0
874
634.0
1517
305.0
1503
51.0
695
113.0
890
7589.0
698
1884.0
893
70.0
891
48.0
892
6302.0
898
124.0
1570
35.0
648
758.0
195
111.0
642
13515.0
194
44.0
644
124.0
645
94.0
640
197.0
639
1479.0
636
209.0
630
189.0
1557
1647.0
1555
5228.0
1556
371.0
1551
144.0
668
48.0
660
154.0
1540
24.0
1544
44.0
1547
1966.0
656
44.0
1538
95.0
1090
256.0
35
53.0
1092
140.0
33
20.0
34
38.0
39
61.0
1099
91.0
37
38.0
38
48.0
1089
25.0
43
142.0
1480
903.0
1485
303.0
1080
71.0
1082
35.0
26
522.0
1087
1796.0
1086
227.0
1085
8753.0
1079
137.0
31
99.0
1490
31.0
1494
79.0
1493
44.0
1459
24.0
1458
661.0
17
2201.0
1077
91.0
16
47.0
1073
75.0
1068
96.0
1466
63.0
1463
470.0
1062
20.0
1058
37.0
1056
54.0
1057
106.0
1470
58.0
82
646.0
81
58.0
84
118.0
67
22.0
72
6888.0
75
476.0
58
79.0
55
24.0
1498
82.0
1499
772.0
62
4190.0
63
357.0
61
128.0
1292
38.0
1293
93.0
1002
22.0
1007
79.0
1296
530.0
1006
30.0
280
420.0
484
180.0
285
366.0
282
2231.0
288
267.0
480
21.0
1287
7658.0
1280
772.0
1281
1413.0
473
146.0
475
57.0
274
48.0
278
276.0
470
813.0
471
59.0
472
72.0
1279
110.0
1278
2807.0
1000
65.0
1273
220.0
106
70.0
103
353.0
1269
581.0
1266
3870.0
1265
62.0
97
824.0
96
569.0
1263
4090.0
95
30.0
1260
48.0
296
384.0
491
33.0
1259
41.0
1255
27.0
1256
1201.0
1047
64.0
1050
320.0
1249
32.0
1247
40.0
1053
24.0
245
395.0
244
61.0
1034
22.0
1232
27.0
1238
42.0
1239
16474.0
236
25.0
235
25.0
1231
20.0
1028
703.0
1027
28.0
1024
90.0
1033
180.0
1228
21.0
1030
144.0
1031
207.0
269
22.0
266
37.0
264
40.0
251
314.0
252
34.0
1017
26.0
1214
41.0
1020
20.0
1210
1015.0
1211
1494.0
1212
53.0
904
220.0
258
78.0
257
46.0
1219
179.0
253
80.0
901
66.0
