338
222.0
339
633.0
941
27.0
1414
33.0
1319
26.0
942
190.0
800
40.0
940
125.0
1317
92.0
333
408.0
159
561.0
1417
2893.0
944
8766.0
331
6279.0
158
20.0
601
232.0
152
357.0
748
33.0
530
11806.0
153
47.0
150
135.0
745
192.0
609
165.0
537
56.0
744
108.0
605
56.0
604
2420.0
743
4386.0
603
112.0
1420
25.0
204
31.0
205
85.0
1424
1052.0
1423
43.0
200
47.0
1425
70.0
931
844.0
1320
29.0
207
621.0
1323
86.0
938
1519.0
168
150.0
348
39.0
939
171.0
161
78.0
734
634.0
408
3151.0
737
840.0
1330
91.0
738
39.0
6
70.0
543
2018.0
340
97.0
406
318.0
548
126.0
730
172.0
733
162.0
211
35.0
825
34.0
920
451.0
1435
113.0
1434
63.0
823
37.0
215
415.0
318
45.0
829
1949.0
826
1378.0
1431
21.0
214
48.0
314
279.0
217
686.0
176
22.0
218
21.0
926
84.0
311
43.0
924
100.0
418
113.0
513
1476.0
171
21.0
729
1797.0
510
49.0
174
3492.0
726
30.0
626
1004.0
414
147.0
516
50.0
514
187.0
1446
26.0
811
205.0
1306
27.0
221
172.0
327
110.0
1441
70.0
328
144.0
818
3487.0
188
28.0
914
43.0
187
1035.0
229
3003.0
1303
80.0
1302
21.0
426
29.0
521
188.0
181
7047.0
182
52.0
713
641.0
712
919.0
715
505.0
611
127.0
711
832.0
423
1603.0
619
104.0
424
58.0
116
25.0
115
115.0
111
680.0
980
2063.0
848
145.0
986
102.0
985
26.0
984
575.0
433
1216.0
703
50.0
575
15334.0
701
1584.0
578
184.0
706
21.0
577
200.0
125
30.0
832
31.0
300
200.0
978
189.0
580
84.0
302
381.0
581
33.0
838
4074.0
837
172.0
308
21.0
307
311.0
970
70.0
445
64.0
440
302.0
443
4422.0
861
1074.0
134
2408.0
137
83.0
862
632.0
963
30.0
1606
120.0
1604
13464.0
457
98.0
456
837.0
555
54.0
130
109.0
1409
477.0
959
53.0
958
5269.0
560
160.0
146
907.0
954
718.0
854
135.0
853
69.0
1401
488.0
1402
1451.0
1403
46.0
857
649.0
952
2329.0
1400
39.0
1206
10911.0
466
15622.0
1202
4247.0
567
29.0
140
29.0
561
49.0
1207
2761.0
687
210.0
689
470.0
682
157.0
1525
332.0
1524
32.0
888
435.0
889
1007.0
680
3116.0
887
8180.0
1622
82.0
1529
61.0
1624
1380.0
1623
50.0
1528
190.0
677
3688.0
675
32.0
673
764.0
672
32.0
671
4206.0
1514
25.0
1617
85.0
1616
347.0
1513
10792.0
1511
91.0
878
104.0
670
312.0
876
40.0
874
208.0
1613
35.0
1517
207.0
1611
146.0
1610
24.0
1503
49.0
695
268.0
890
6053.0
698
253.0
798
6848.0
795
1502.0
997
121.0
994
52.0
1639
35.0
992
166.0
1637
39.0
1635
633.0
893
44.0
1634
325.0
891
125.0
892
8008.0
692
27.0
898
418.0
1570
41.0
785
104.0
786
153.0
787
20.0
648
2475.0
788
453.0
642
8195.0
195
31.0
194
20.0
644
25.0
645
87.0
640
126.0
1661
391.0
199
39.0
1569
38.0
1561
22.0
506
183.0
639
969.0
774
160.0
507
82.0
636
95.0
779
125.0
501
24.0
630
499.0
502
5182.0
1652
606.0
1650
108.0
1657
80.0
1655
88.0
1557
424.0
1555
4438.0
1658
188.0
1556
284.0
1551
68.0
668
49.0
765
157.0
761
3581.0
660
216.0
1540
39.0
1544
41.0
1547
500.0
656
20.0
1538
107.0
1196
22449.0
1197
25.0
1193
30.0
1090
283.0
35
68.0
1092
98.0
33
21.0
1190
27.0
1579
24.0
34
35.0
1574
368.0
37
40.0
38
44.0
1582
49.0
1583
22.0
42
21.0
1480
1526.0
1485
388.0
1080
24.0
1082
69.0
26
217.0
1087
4197.0
1086
428.0
1085
13957.0
1593
942.0
1079
282.0
1592
21.0
31
67.0
1490
270.0
1179
320.0
1494
175.0
1493
159.0
1459
31.0
1458
659.0
1453
20.0
17
1820.0
1077
337.0
1073
91.0
21
21.0
1068
33.0
1466
103.0
1463
1935.0
1064
39.0
1057
300.0
1199
1813.0
1471
29.0
82
1413.0
81
48.0
84
58.0
72
5432.0
75
1587.0
76
22.0
58
24.0
1498
38.0
1499
1142.0
62
1001.0
63
378.0
61
32.0
1292
23.0
1296
109.0
1007
117.0
1006
35.0
280
517.0
1396
217.0
1104
470.0
484
974.0
1394
132.0
1102
3150.0
1391
1475.0
285
61.0
282
4701.0
1390
6419.0
288
143.0
1287
14778.0
1280
99.0
1281
392.0
1382
630.0
473
155.0
274
56.0
278
167.0
470
1829.0
471
87.0
1377
5920.0
1279
188.0
1278
3045.0
1000
694.0
1273
485.0
1124
232.0
1122
3432.0
1123
6820.0
1128
21.0
1129
189.0
1127
69.0
1131
20231.0
1130
22.0
106
100.0
103
215.0
1269
539.0
1266
1524.0
594
651.0
97
132.0
597
27.0
1263
2531.0
96
581.0
95
37.0
596
39.0
393
56.0
392
394.0
395
116.0
1112
1676.0
1113
103.0
296
471.0
1114
48.0
1115
33.0
1116
62.0
491
34.0
1120
34.0
396
35.0
1259
49.0
1255
124.0
1256
951.0
1351
157.0
1146
37.0
1145
21.0
1144
580.0
381
223.0
1050
149.0
386
29.0
1247
33.0
1053
29.0
1153
183.0
245
224.0
244
26.0
1344
21.0
1138
24.0
1134
34.0
370
66.0
1034
49.0
1038
111.0
379
80.0
1233
34.0
378
5355.0
1044
22.0
1239
12033.0
231
36.0
235
37.0
1169
39.0
1167
208.0
1371
26.0
1028
77.0
362
115.0
360
62.0
1033
62.0
365
30.0
1228
32.0
1030
40.0
1031
541.0
363
198.0
369
198.0
1366
1774.0
1171
71.0
1172
105.0
269
25.0
1176
929.0
1369
568.0
251
89.0
1017
22.0
1214
67.0
1210
964.0
356
126.0
1211
1824.0
359
6472.0
358
182.0
1353
114.0
258
306.0
904
322.0
903
27.0
1354
567.0
1355
368.0
905
45.0
1357
575.0
1219
61.0
1163
60.0
901
27.0
